2736
8778
1853
4132
8924
8968
4872
9134
3939
8728
3924
6217
730
2640
3847
8044
1986
7095
2426
2866
8859
7749
7830
2205
8610
4988
6328
328
6317
9420
1632
134
2709
2837
2560
7826
9142
420
2272
8260
6617
2530
9086
3816
2628
8853
4498
5829
6315
7392
7099
8194
684
4279
1999
9339
198
9615
1788
6356
7744
6809
2343
3463
1099
2109
8358
1796
5325
9770
6651
9170
5784
1873
1485
5609
6249
3377
5195
6353
6736
6318
3449
4773
5427
3948
4819
8436
3500
2148
7080
8251
3917
8559
8967
8521
2459
4548
7291
3776
7030
4661
1764
8458
5758
1381
3054
1240
7628
1840
2181
9296
3107
5602
800
3348
111
9807
1226
3042
2262
9847
440
420
8090
5835
2057
8789
5956
8476
5943
4062
7269
4482
6101
8194
6652
5057
7295
3361
2474
8283
1705
4466
2279
9743
7586
7352
9057
1778
6737
7051
5970
9304
1024
6390
7960
3756
7969
3241
8053
1466
9181
4341
3280
547
4787
9241
2639
257
3707
5829
5714
1080
1766
4007
7939
1658
8069
5685
7380
5292
6339
6117
9525
4938
1616
8279
6018
3413
4618
6039
8181
86
7494
2922
5159
4519
384
8572
4689
1129
3701
2207
5919
8233
6185
940
2459
511
4512
4119
3140
5562
173
2766
7032
5827
5943
7866
6663
2041
8179
2407
8254
3240
8943
4755
1184
6829
6741
6890
8377
1800
630
1620
5930
9580
582
5311
4417
4775
4952
5175
1168
2207
8291
8432
6347
8112
2059
8204
6835
8819
2578
5498
941
8253
4872
3562
8938
7657
8380
9664
1005
596
7257
1020
3880
705
7569
6723
7173
2792
5996
7462
9423
5092
4093
3007
8773
4305
1487
7957
3288
1502
3629
5143
5782
1368
6126
3729
8970
7979
8784
8970
9425
7840
2186
4624
8373
6175
7335
1382
7023
5890
525
3208
8420
5031
7835
2246
8400
7177
6652
7744
8426
7688
689
7272
2361
7773
2343
9006
1767
2589
7346
587
9041
3927
7550
9949
3119
7400
628
7390
9877
7496
5047
910
9749
3244
7057
8066
1727
6574
2114
3261
7234
7867
8732
8561
9992
8762
7494
5585
8951
4381
4813
682
8300
6587
8532
3484
4301
2187
2438
2833
2252
6832
340
8329
1034
1406
832
4742
23
5732
1796
1695
1745
1633
7028
703
4285
761
6862
105
1404
9185
904
1248
4066
3244
9813
2312
2321
8063
2628
3261
9561
3669
6513
8158
3428
5343
9362
3541
8028
2463
9858
6951
6305
7699
8940
725
9960
6167
9004
1948
3219
759
8796
6418
960
69
3347
6555
5447
4498
1309
8939
9764
7254
11
6398
103
8519
94
7076
8231
7459
7061
7277
4877
4874
3977
5617
6076
7928
1234
5390
4742
8838
9162
6721
408
4664
4093
3325
9296
1673
387
4080
8951
5570
4553
9411
664
191
3747
8059
179
9569
9222
292
6641
5465
1739
9234
3537
2096
9694
3670
2116
1009
368
5834
4653
4473
1909
36
6823
7657
7730
4417
511
577
5735
4240
6444
8275
3998
7949
961
2561
7999
8709
209
3786
5486
3419
3150
6158
4680
4634
2601
3897
1048
6578
1935
945
6251
8087
2560
7938
9689
9552
420
1041
788
1501
8370
8593
7316
5650
4531
848
1009
9605
6988
5847
4196
8576
1435
3993
8012
1846
4057
2415
7107
3084
8229
763
7219
7648
8511
7186
9099
2007
3634
6581
8255
9964
5073
3383
6557
8951
1751
362
4580
6909
2881
3926
965
7911
7973
2273
3553
4195
9794
1326
435
7696
7285
1101
557
5264
6951
8711
6979
429
919
7769
5633
8283
59
7260
8579
8637
7193
802
2330
4118
2100
9232
1456
5561
9142
7647
2478
7085
7342
7810
5162
4927
1020
6955
2721
8793
6546
4637
4742
5300
6535
607
4676
1965
4470
4437
1612
3907
2195
5751
381
4101
171
9979
3563
511
9122
7911
9572
3368
9521
6204
2045
1726
8547
9575
6789
4333
6013
6715
5928
7995
2161
5343
9817
4507
8520
5159
9251
1242
9177
433
5247
7034
964
6266
9302
7
7860
6832
9415
1802
7403
510
2497
4962
7127
9004
4410
5941
258
4742
4470
7224
3877
246
4123
372
7371
154
6781
7335
6723
3314
6713
8754
2856
1617
7635
2168
3667
8943
9644
3691
5867
6819
1482
1044
9037
793
1273
7400
133
7475
5411
7892
8283
9160
7769
1068
6196
8350
3688
5971
3998
6345
9934
4811
1400
5586
3911
542
4319
8335
4936
9591
9423
3839
644
1596
3377
9376
4094
5114
5996
5484
639
1690
1511
774
2159
3540
4872
3935
6981
4175
4753
4619
8757
6970
64
3712
7384
1116
7419
4464
9796
3884
7942
8745
7510
984
6539
5057
5996
4355
6564
6737
2617
7824
545
5693
69
5337
4848
943
2666
9715
3444
9663
838
5634
3433
8644
6348
9415
7242
7406
2942
965
7767
5612
5942
3401
2100
9138
7735
9019
9601
5967
1728
4721
5704
1947
9615
6328
720
9451
9881
4140
6826
6335
1242
8009
1888
9404
3962
4283
8539
4504
1969
4299
3206
3811
6101
6546
2435
1421
7392
1430
8981
730
5230
2122
7507
6842
1994
8983
9376
4823
3996
3694
5061
6412
4737
1380
6381
4486
8816
7064
7156
4486
1643
6334
2491
4348
190
4324
7481
4756
2128
6800
3595
2876
3694
9243
898
5200
5758
4609
8204
9568
621
7505
7548
4314
3363
51
8931
9537
9097
6444
4730
7080
9903
3605
3030
2766
6593
8956
8378
3373
7096
1385
2117
4596
8520
9698
9669
6867
8222
865
8438
8861
8521
2237
4964
800
9183
7430
8666
7381
7911
36
5647
7083
8001
858
2252
5112
6460
3018
3722
1617
3368
5022
3373
9263
5460
7202
6552
7724
1720
9862
4296
3449
3338
5750
7851
4481
2566
6504
4816
8385
1667
2664
4459
4621
4585
5225
7466
6046
5861
4872
7951
9109
3121
3718
5382
9663
6673
5542
2527
1031
109
6182
4538
2346
9917
6719
7594
2663
2939
9628
4960
1195
6966
1252
78
1863
7380
3790
338
3975
6317
8381
3954
8186
5339
9677
9804
5377
3844
9241
7834
3261
3975
4497
7077
8068
7740
5303
2375
7083
209
2768
9290
4054
7932
7608
1287
3624
7505
8378
553
4181
1622
4601
8978
4178
6731
682
356
1866
8147
2587
4545
5454
8131
8817
8326
1099
8994
2171
1495
5750
8311
4570
7552
1461
1803
9064
5122
7279
2747
9851
6979
576
77
2606
3879
8952
838
3236
9710
1874
7867
4252
9845
4088
495
5344
7977
1037
8954
2542
8044
3583
7079
7210
9854
2462
822
244
7955
4664
5562
9222
6165
192
7850
4497
13
9103
1106
2590
3744
1969
4581
1592
9443
2865
3193
4663
630
3726
7948
9856
7418
1151
7232
1829
6591
1490
6206
624
5960
7629
434
1917
985
5642
6850
4501
2465
5613
9749
9103
6443
5777
874
7364
2952
3477
7125
7899
3121
209
8956
7997
1435
8804
8227
6556
7647
1240
941
7340
5356
4574
8927
114
2049
1554
582
7810
5133
844
5655
6071
4499
7880
8884
9191
944
1072
7313
4433
4128
346
3027
1350
9766
2086
800
3212
8093
8202
3174
7951
2133
1657
4822
7510
5592
5163
2329
2599
9440
9798
8227
9135
4538
6920
9441
7463
2277
7729
3701
6274
6266
2975
4506
1145
1791
6234
1745
1435
2
7987
1695
6233
3615
6117
4034
9342
1502
5447
8029
9501
5795
8335
2023
5802
4650
2173
7545
2855
2492
4591
774
8847
4386
9848
9307
2438
4706
6872
6666
4064
3707
7058
5114
2150
1507
6518
848
2475
8371
5425
3136
1435
9620
3031
7979
3583
4962
3688
57
3264
4057
2857
6171
6656
5707
763
6569
2975
6651
3330
5322
3760
2599
9158
18
4592
5836
9768
1321
7453
700
3909
7739
8863
8020
1497
5690
6358
4894
9968
7463
1607
2116
4603
1077
8553
435
6208
809
9867
8176
1918
6038
6827
4775
6800
996
345
2195
7940
3347
9479
8964
9139
4974
2119
315
4504
1435
3543
1703
9758
9100
3306
4117
85
2276
5762
525
1185
498
211
3656
9710
3552
9583
2476
5278
343
1475
1182
8606
346
1693
3545
4540
8436
7122
2687
6017
941
943
1369
1857
9087
1098
9727
7994
1901
9279
7504
6185
2459
7347
271
408
5453
3174
4377
1435
1028
8261
336
2987
7799
7515
1381
5492
2057
3718
8181
9578
7824
6578
6529
110
6577
4273
8758
7608
915
899
499
9070
246
5614
3592
6541
7865
5542
9773
5326
1528
145
3861
735
2776
6991
4319
6616
9176
8329
8328
4510
5339
6473
9914
4141
1919
6045
6940
6965
9953
7569
8806
8573
3268
504
6744
950
9592
8847
9131
4995
1167
9542
9680
2992
1243
3720
8485
2949
8745
7137
9234
7347
9451
8915
5780
2084
7728
8626
1388
9
8380
8412
3277
1229
3380
4148
1771
5344
9471
7794
2959
6018
6557
6593
8300
4420
7748
4670
2736
5630
7649
5727
4305
147
7873
8951
368
1365
8312
3307
7825
9351
7964
939
3203
6556
3380
7687
2155
2855
2262
5124
7101
356
8084
7730
3670
3349
4162
8667
9605
6889
399
9784
2587
8164
696
3288
6434
2599
427
6324
6546
5173
9501
8276
7102
8069
8484
7307
844
919
11
7061
4298
7260
1655
9839
3262
2005
6374
3377
6281
5644
1618
1352
3582
5951
5625
9560
9648
7085
4597
8547
6407
4480
5942
2382
4988
3970
5949
434
9463
9616
9276
356
9707
5769
329
2343
778
2430
2492
6872
6255
7736
6972
139
6006
6336
1402
3595
57
5591
9506
6103
3753
9320
3633
9413
3864
7459
1421
4971
3241
4778
8784
838
5871
8675
4886
8059
4014
7724
4155
3246
4512
8028
4650
7356
7586
1785
6653
8619
8069
7028
3358
626
4501
3914
5486
3148
6737
3387
942
5642
35
8374
6835
8262
9239
3383
761
7083
5337
925
8755
8614
8602
2317
93
1808
6748
4123
6468
3756
696
1216
8443
4543
2193
7144
9292
7937
4323
7709
8962
5069
7789
7481
810
4242
9767
7583
8090
4265
7424
7078
6335
1780
2196
4634
6036
545
4553
8318
557
8171
5387
3532
5023
3531
5218
3606
5106
7745
5546
8262
8707
3195
42
6317
2927
4962
7799
9114
9036
4297
7203
3343
4807
2466
7481
282
6342
292
1541
6712
2732
7548
114
1949
4747
6939
2218
8606
7613
1948
1355
2180
5659
1007
1231
1738
4697
1875
7731
3716
5991
8451
5988
9934
8419
2000
195
2771
9777
7690
1742
9195
1558
9032
3634
4775
834
912
9698
5659
5115
6162
7169
8047
840
346
3793
8217
7955
3194
5614
1037
992
3813
6342
1381
8793
7360
3578
4377
5954
6781
907
6540
6795
9894
8968
4658
6497
3418
1454
977
6207
1796
9713
3633
1184
7231
7861
8795
865
2957
6919
802
5868
2403
4667
3904
3199
519
6196
7291
6479
2172
6595
4432
1380
580
8973
8003
7594
2194
5013
314
6392
1722
1846
612
6004
119
639
9658
7948
7388
8290
4547
1312
4342
6326
607
6696
2290
3726
4749
8588
2367
2958
5600
9925
5458
7982
4819
1623
7928
1783
3414
5278
9844
7343
9417
7590
1455
757
1640
1544
7025
5006
2920
9844
8516
4819
3588
43
2171
6360
4419
9983
2437
2360
6841
68
6071
5834
5021
8204
9122
4440
9496
4457
5052
8444
2564
5327
911
1191
9438
2939
5987
7635
411
8090
4135
3031
9834
3962
6332
2990
7875
5018
2868
2123
5002
6370
2430
3025
1360
9995
9259
316
1958
799
1192
698
5582
9296
73
7210
9613
3325
4353
3408
6024
6616
9822
7967
990
3811
4844
7013
8626
2154
7522
7475
998
7969
3203
2581
4199
5425
6044
2560
2815
5834
551
6355
9867
522
9604
425
8541
8128
1430
111
5133
737
7219
4866
3254
12
685
6795
3877
8623
9713
9009
9700
6283
8284
487
4242
2520
9132
8504
8665
7013
5942
8362
5929
2644
4920
1710
2033
3426
5246
2312
4849
8080
8178
8002
4598
1073
8504
702
3808
831
4284
682
2206
1924
1571
9347
1863
5198
6875
7459
9949
3499
5852
8003
3994
5370
7018
7211
6795
6727
4632
6111
3800
5570
7419
9571
7798
8792
479
1885
836
2890
3347
7802
9460
9878
5610
9664
4532
5938
1179
1380
7193
3504
6873
7646
8202
1385
3278
2605
6450
5411
7786
4093
3719
7985
1884
4596
6335
1037
3188
930
4510
6126
5989
6919
4020
4747
4435
796
8866
4014
6224
5337
6374
5342
1472
598
7732
8438
6234
6441
2723
4459
6938
4393
2766
3776
2768
3907
7805
5313
8178
3234
5529
9495
3927
1154
1184
9851
4882
2816
760
6966
6602
5374
3378
6159
974
7269
3914
8533
1106
8043
941
8999
8003
8093
66
4174
163
100
2119
557
7724
4961
7307
6392
7548
7759
7738
6518
3520
6465
577
6235
9119
2458
1270
6438
3327
1184
8749
5402
7789
9770
4524
2707
337
4667
1377
4532
4068
5970
3159
6283
2776
5809
1158
6389
7384
2690
1922
2658
807
5496
2739
1234
6119
4050
6020
9192
8380
7286
1611
3801
8326
1589
921
5345
3423
5612
2173
8136
4695
3107
8970
2315
482
9877
6470
6334
840
9987
275
9658
4000
7739
1688
826
7413
8359
3546
6206
394
4874
6327
6981
7927
4404
2474
2661
1971
5807
9573
1539
3159
4788
7997
8123
5434
5257
1242
6909
5211
2027
3359
8830
1368
3188
3656
8762
7221
7690
8300
3262
9357
1866
9512
6200
8670
2759
1346
7776
682
283
9435
5162
8481
9190
6275
9749
2727
1047
9061
3790
1599
558
8778
421
1760
9702
2015
3801
8249
8586
945
5943
7794
485
1862
3349
1614
542
3285
9744
5839
6380
7674
567
5705
9316
7221
3701
1352
843
36
8087
5715
1886
8605
3455
5943
340
5541
910
3546
8485
8167
2600
9894
4050
9194
3048
2457
7727
2512
9013
378
2197
6617
4951
7463
510
5616
9584
3472
1783
1214
64
3058
3884
1622
7731
7851
8301
9092
5575
57
9991
23
2214
5247
9903
930
7162
7504
1915
9538
1149
9485
4684
5943
6138
9875
4370
3306
9714
530
2920
2309
2720
5558
3324
3284
1528
7176
782
54
3444
8583
9386
315
5925
2113
860
6980
5988
2107
7343
7694
2393
7463
829
2522
1761
941
2199
6036
3013
7830
859
1573
3472
2396
8032
7832
3810
4613
7856
3756
8167
6440
3834
5351
4512
468
1266
415
5991
3144
8341
3273
2587
2199
2955
2759
9098
4393
6983
9318
748
3361
9299
372
1830
1948
4317
4852
5930
4020
7570
9328
3024
2200
5326
8400
8789
310
7570
1492
1221
3261
133
1472
2846
5879
9464
4462
4919
7445
3910
9023
7095
3914
3389
8647
8391
6955
7436
6046
6067
9689
5104
6809
4155
3178
1298
9506
5625
7238
1951
5031
7930
8667
4342
9980
822
7335
5963
9515
8164
692
3536
2284
5948
728
9159
933
9441
3428
7120
4464
7027
5242
7401
1929
3007
1473
1649
5244
3182
9385
3528
2936
7610
42
567
4080
7356
6117
1640
5633
5710
4311
7353
5764
3503
3416
9361
7064
832
7666
5327
9544
9399
9652
2970
1154
7682
138
5973
1368
644
9142
1885
3373
7753
6819
7594
3378
9682
7324
1917
8016
6414
953
3700
6870
4442
2512
5609
5566
9067
1778
9705
7616
7739
9770
1785
7736
6904
7193
7782
6197
9247
9820
6130
7049
1623
383
1048
5350
7749
3280
1743
4538
9276
1355
6832
8170
708
7556
4938
3474
8233
9685
4186
9529
6198
2846
799
684
275
119
9806
4345
8328
9183
9178
3460
6916
3081
3266
1524
7458
690
9028
6263
2894
235
4538
2145
3382
7112
4062
2826
8227
9598
2763
3914
8372
3462
8818
4054
7911
3133
1924
942
4277
6204
6370
6497
5126
1452
6081
8770
9006
2366
9807
7922
5238
651
6171
9413
4055
7585
9113
6473
2606
6415
7095
5960
5687
6776
3194
6389
4220
4555
6671
8478
1527
2330
1235
3575
1760
5704
7623
2157
2865
590
4014
4001
2284
4469
4464
8235
2503
5140
1458
1929
7429
9633
1025
6357
5614
7242
9777
77
939
4078
8645
4497
8541
2873
4579
8689
1619
7895
5909
3605
3814
6788
4621
108
6513
1463
7164
2132
1615
9046
9354
9320
9978
5326
5904
2241
7851
8015
9912
218
9946
2007
7401
3585
9600
105
2204
1734
4711
9167
2956
5370
328
6281
5989
1764
8391
7058
6723
5550
8739
9828
9596
5642
5323
9411
3258
6670
7018
2026
4005
3460
6328
6791
6789
3234
8458
3926
2994
3585
1012
5125
4511
9752
1771
8570
6411
8816
7629
9497
7521
5566
6741
9028
5463
2637
9146
9979
8708
1145
2822
9978
6357
9912
1846
7856
717
9525
8645
6522
4209
2107
8689
689
3111
9782
1762
4480
8007
9019
1948
3966
5659
1518
7429
6562
8508
280
2993
6981
3385
2907
5912
7840
5625
2555
961
3864
3474
2111
4113
433
849
3082
7120
4152
257
5619
8435
1893
6090
2633
1686
7799
4843
7258
4020
1450
2707
5842
3494
205
3753
8043
505
7281
7122
9713
9071
5686
5022
5465
1919
4921
8042
4826
5003
6246
4580
6164
1078
9375
7337
4023
7092
547
4959
7888
4404
6659
1663
6993
3197
9856
6654
174
1023
4401
9796
2741
9525
964
9078
5963
8290
8723
3995
905
7463
6353
2551
2349
6398
8957
8059
1604
2441
8925
8957
1844
4329
9011
9505
6304
1615
5542
2779
9444
4309
4118
8940
450
7462
3753
8543
7347
9103
2463
8896
7390
3398
8291
9953
1783
2675
3790
750
5469
6980
7895
4883
2326
4722
3941
511
1924
6479
2391
7001
7440
8024
2255
4870
8537
8541
8435
5676
4779
9213
1155
4436
564
2687
5704
8292
8745
3910
3042
8962
4314
2121
8233
950
2497
1539
2485
1396
4471
4068
602
544
2049
2661
4533
7517
6909
2272
1948
7380
3879
6417
6809
7776
7463
1235
3440
7769
7544
2272
7678
9686
235
2459
9964
1419
8626
5505
2846
3194
4667
294
7396
2820
2312
4384
4486
2494
4721
8227
2542
64
6046
6429
6013
7545
689
9689
6968
77
7642
5538
5112
7549
3397
7994
2975
6723
7026
9881
174
6806
3836
8288
1125
360
4076
2642
472
2790
2584
4866
8662
4590
1473
495
5710
9170
4252
219
9911
7875
3687
3693
5446
7893
6295
4049
1469
218
7730
7030
3552
8358
2610
9134
1275
7340
7335
9598
1931
1994
6497
3500
7225
9648
8643
4855
6042
5015
6809
7594
4025
7180
7352
6627
7390
2508
3385
9756
832
2510
9270
5604
6806
793
940
6412
4054
885
9384
8342
4218
9037
8514
4459
3194
2394
9714
5995
4651
1176
3264
2235
2862
6677
2707
8262
7182
2304
9479
5424
2171
7120
3970
5673
9017
3929
6651
935
2779
2074
3252
2846
8329
6328
3846
67
7296
3609
6583
4154
8470
6741
5299
2132
9159
7944
1693
6897
7944
4018
9628
8225
4180
1312
5176
4078
6200
3534
5043
7895
508
6444
1327
2707
9815
2855
1002
9820
6473
7875
1633
9055
243
5630
4279
1615
928
8003
6481
9654
6104
5562
7841
6169
874
8570
4155
5941
701
4661
4581
2602
1599
4270
5679
6334
3065
1380
8543
7895
2012
4329
7583
4142
9648
2207
3055
5824
1385
4511
3827
2710
5080
9693
2957
9693
9784
6218
2792
3584
7909
2867
8456
2508
1278
3656
7558
9195
3112
793
9114
4563
5327
1981
3687
2150
7587
7582
1593
6833
6580
7098
2331
8436
7736
9146
2250
7736
4844
6607
2454
8367
3588
1544
1092
7399
4706
6564
7614
3345
4693
4419
9370
2938
7337
9948
4720
8195
7989
963
8954
6685
3854
3970
2380
9777
3094
2957
2860
9181
3632
2064
7224
8461
2541
3397
9732
5928
1790
8547
4706
9802
3605
7730
4687
6169
901
4781
7063
2307
7759
4579
2491
9686
8380
6991
4459
4234
4273
1400
2692
7557
5396
7598
8617
9264
2250
4170
4377
9885
1768
3713
3381
3989
3020
5008
639
2476
66
1605
7987
4971
7018
7064
4345
3042
8725
1596
2857
4699
4084
8431
4123
713
4894
5925
8087
1954
2575
5968
1275
276
3674
2510
9512
8614
1783
9028
9042
6547
415
2851
5126
4275
4621
5461
6158
2900
2927
8352
7384
7076
1669
8362
9163
1749
1136
8123
6832
7307
6382
9420
7012
8178
3239
7070
7337
3222
7617
1182
6387
1387
5861
3282
5425
943
2475
3497
1943
6815
2737
7346
9727
2454
5032
4709
1490
7098
3676
6654
6541
2679
6916
7079
9665
5244
7148
6729
6356
6465
9888
3707
773
4007
6413
238
1975
5341
9487
1067
8290
1422
4395
9852
328
1604
5454
5929
1875
9254
6873
3979
9886
2754
5951
2161
6522
5533
6549
1858
925
165
5043
2905
6757
2689
1472
4654
468
7590
7844
2423
263
4299
7893
1472
9545
9598
2058
2772
7875
1248
2025
6295
8556
1582
5418
9526
7401
6195
3685
7647
639
696
5614
1791
4037
345
8001
2056
9305
7865
7545
3545
1213
4013
922
1369
3737
493
3065
3234
9559
338
7309
5209
664
7679
3121
3543
7803
1944
9243
7960
5358
8251
3550
9255
3100
8188
7384
9071
6945
9435
826
7337
673
4748
305
5713
5779
5950
5339
9302
735
1646
6034
9063
5987
9003
262
1235
2298
7077
1496
9064
6197
6031
7922
3869
8332
2848
9828
5821
6556
9161
5690
5018
7631
620
6789
3982
2032
9124
2901
1530
5022
6196
3925
9770
403
7250
871
581
3521
208
2843
3578
1405
2319
4040
9250
397
3906
807
9778
4013
5238
8287
2860
1180
2277
9119
6541
4578
5964
2380
5834
744
9084
3731
2992
10
1677
6497
910
2758
5984
4855
1882
9789
6481
5764
7405
3390
7682
3592
8488
489
7006
1730
2686
6411
6034
8194
324
8996
545
3007
1878
3904
286
9099
8872
964
2860
6788
7570
4580
1910
3345
4102
9832
9590
2905
4255
945
4332
6578
4292
7647
5484
8110
6539
5396
7363
9962
9713
5726
5812
1254
2727
7087
3991
8884
1857
7269
9778
113
3174
959
6079
7074
6763
3918
6719
4652
1441
372
1981
4579
9782
4624
7523
4643
4034
899
1649
5393
9445
6983
1189
4148
8791
7748
2120
4321
5152
3076
6113
9781
5352
8787
2576
8819
9343
6546
7285
2096
4944
6909
2045
8452
6380
480
4273
4240
5064
5618
8153
9796
2492
9764
8952
9216
6998
1129
1922
6252
751
4120
2207
7481
567
5839
5334
2678
7513
6743
2550
9544
276
170
8606
6806
983
3337
4233
4888
7120
5928
6415
4278
1788
3541
5778
93
4998
1732
9820
7631
1458
5342
717
7507
2225
385
340
918
6410
9552
1776
9239
3582
8497
8638
1255
9135
4365
7872
3468
6353
8456
4489
4506
7463
7390
8793
2559
6215
4355
5016
1527
8853
8904
4557
4179
2419
965
1904
8593
3440
1155
3583
1507
571
9460
3174
8169
3540
7169
6920
9216
3116
5645
1652
759
577
105
8605
2492
4532
832
4862
2252
7107
1437
8516
2087
8992
5225
1893
0
3716
2639
8290
9538
6430
327
7079
205
658
549
7445
4712
1028
6429
2087
4433
8755
1544
5960
2764
9525
1684
2475
2210
7601
3829
985
4133
5784
5680
7283
8575
9103
5809
5784
5292
4720
4619
569
6749
5206
289
4944
8511
2201
1435
2109
6607
4593
7221
543
6599
5140
5364
384
5392
5434
3630
5216
874
2512
4206
7219
7277
9338
6848
5298
5860
9305
9686
1154
6686
7080
2045
9689
6198
1853
2633
5691
5292
3767
3881
3645
133
3359
251
3375
4481
6857
8328
3351
6598
9911
3375
716
991
3004
4932
7331
2564
7356
9138
4874
4585
7813
8229
50
5250
3833
7899
315
5618
7297
3836
4737
8732
5336
9979
7219
6074
1142
7850
4497
2207
7888
9817
4968
3579
2206
5305
5764
4543
5037
8308
4180
9361
5705
33
8438
4007
9216
4220
3966
1764
9700
362
8183
1732
1674
4974
6342
3929
3307
6234
6553
1361
1134
6889
7000
8915
403
6604
8884
7200
5951
8716
5012
3100
133
7856
825
2173
1599
8444
5229
7573
9199
8915
3562
9831
4664
8724
6479
2575
4653
2972
6011
2253
118
1549
2114
9063
8707
7003
7141
6497
8508
218
6715
292
9361
624
3481
9831
3808
2846
1918
2929
1541
294
1242
8670
4228
18
185
7590
6992
6050
5565
5375
1873
86
3098
363
6069
8824
92
103
1028
5031
7744
60
6841
3657
7013
7164
4102
7324
710
702
6362
2364
5157
397
8274
8784
9085
4861
8562
5989
6369
7356
1281
233
9281
5344
5023
9036
857
3137
1882
9693
361
4351
768
9760
5489
2948
3663
1323
2394
5784
4087
1108
4944
8584
1753
6049
4511
7697
4633
3055
6390
5558
5391
6097
324
4862
2723
1487
1944
6896
5762
5647
2001
7174
3611
5918
6070
8686
2656
8610
4380
7288
9031
7496
9590
7744
2834
9362
7773
553
752
1639
5711
8908
8523
6354
4020
2486
1181
9474
7546
9419
8090
8543
2329
1695
3764
2240
7564
6235
6118
6369
9138
3055
1015
4687
7105
111
290
162
2488
3310
2434
9838
8166
8291
323
6857
9672
2470
9925
3261
6207
6138
7384
5244
9802
8605
5407
9764
6497
5507
346
2386
5835
25
577
3182
4396
6381
4545
140
4339
5408
1539
6857
6657
5995
2463
7120
7919
68
7381
7481
7798
8824
3591
8520
5550
6258
2380
7679
5818
8203
9892
1914
7574
7416
4633
275
4512
8347
4684
4333
4481
7153
8541
6150
9223
7556
5610
9970
9813
8213
4767
9768
7227
5733
5617
5599
4540
7680
5400
7283
9561
9168
1044
2899
3737
2367
6299
6993
8876
5104
8583
2217
5389
3811
8915
1922
9811
1880
387
9142
1502
4528
8915
9099
2263
9689
4270
2576
6576
2296
3229
7875
1710
2428
7761
5834
1488
8112
5561
36
6656
5997
5406
4488
8547
6867
2379
2760
8418
1723
2890
3401
6497
7612
1037
3633
9590
9390
3997
2740
3485
2164
9191
3165
2379
5133
4014
4831
9139
2732
7569
2999
1258
9489
1092
7880
5015
9835
1179
6229
8032
6890
2315
5827
5565
2201
4742
7331
1541
4162
6017
4743
6658
9942
589
950
3609
7584
7224
5833
246
2474
5566
9267
2435
5378
3316
6833
3549
731
6203
9028
5097
2481
1087
4533
2437
2938
3205
9831
793
359
6158
9102
2578
7310
1199
420
9168
1339
3159
7623
9624
6980
846
3995
5411
574
8508
7966
627
8539
4680
8322
147
4732
462
7095
2423
7371
2772
9473
2520
1646
4977
8925
2776
3645
3862
6705
5812
2244
7023
8315
1554
7987
4001
6138
2048
1367
147
2587
5622
581
533
6045
5533
5003
5428
5337
5039
6603
8830
5335
9274
4820
64
4716
5997
1553
8593
940
9663
8586
9935
2658
6217
2106
3744
6618
1385
9949
6495
4748
6045
4277
8132
6998
2887
3893
4914
9976
623
2760
5726
8094
4815
1360
5291
1825
4540
9624
3585
7557
5199
1620
8245
5425
9898
8033
2834
7600
7096
4476
5929
4959
2244
3292
2732
8954
5859
3359
9494
7224
2528
7260
384
1418
6197
252
5246
6069
4114
7278
6970
2315
6022
7446
8698
5124
7313
5565
2764
4180
2728
6564
9290
669
5689
2047
5363
4088
9604
7384
2456
9962
1554
9413
3978
2713
7331
48
1212
3937
5125
6177
8253
2566
5150
6249
8353
3324
8909
3884
7927
3536
5715
7151
1909
9195
7195
174
2048
6377
2603
4659
4199
9181
4621
6640
1435
4459
2210
9359
2956
3289
4836
5504
8807
8601
3401
9979
2575
9078
7864
6361
2102
8728
9979
1406
6608
8598
7839
3850
349
7400
5924
7259
9823
1628
6781
6389
8335
8724
8967
6528
9277
1017
1254
9485
576
195
4054
4504
2812
6330
2477
208
4603
7820
2028
7284
9789
2475
1369
6509
2887
5700
5455
6387
8986
1940
8583
4512
1624
1745
7982
6574
2948
7049
4100
1310
6298
2692
3335
9983
1573
8613
5636
5039
9966
2339
8531
3767
6655
9612
8541
7360
6309
2536
4956
7569
5030
1452
7905
782
7297
2048
8132
2574
4944
1142
5228
9420
6855
2425
6663
5755
910
9192
115
3565
6581
8523
5759
7855
7953
2907
4376
2453
1269
7866
5073
5777
5865
3168
9019
8451
2475
6663
3680
9473
86
3556
4708
3496
2361
4531
8251
925
6121
1524
3739
914
1854
4373
9106
8652
1513
8381
2128
1580
6370
903
4942
4283
2202
1790
4074
7615
5780
329
3784
5865
9773
4473
8995
4168
3024
2764
3148
6039
2038
4693
4245
1840
7264
2173
2056
8003
4648
9935
9714
6816
6604
6255
2927
4594
1742
7044
2521
7557
9264
6995
5311
4961
4457
6208
7428
8606
4401
5428
4365
9980
1869
8466
2498
1599
8451
760
4488
7608
9091
1718
5425
5031
530
7895
6907
6641
6276
7092
7635
3966
6362
4864
9361
557
4098
4461
6677
5480
3116
33
1848
3726
7390
7839
9036
3795
7377
5057
8449
7802
895
2203
7269
4496
160
3954
3656
8260
6620
9339
1915
6290
2366
9157
503
8158
8762
8254
740
4609
8463
9149
2200
7784
5958
2669
5337
8762
7144
8666
9
4013
3207
8018
5606
7475
5790
5933
8679
6284
2193
2865
4299
1831
99
461
1363
9531
6537
9324
1206
4709
2763
4569
9354
5294
8120
9620
5560
2465
1931
5005
2329
2910
4980
8774
435
3269
8329
5463
2112
8908
5291
6274
3534
7738
1307
9531
3733
6058
411
5465
1806
7120
7785
9106
3383
1175
8432
2996
236
9888
939
4178
8835
9800
524
8145
9182
476
1496
9361
1476
6835
2150
6317
1753
2840
8235
9559
9331
2666
8299
1592
3498
2661
9182
5390
4126
466
9159
6841
6129
1544
4473
7221
2524
431
4431
720
7611
8336
1645
2633
624
9190
6714
3851
3945
1882
6706
8668
7631
9559
5447
1722
9474
1053
1775
4129
9630
8182
3253
2049
2576
9142
4243
3098
76
6384
5425
6916
8832
6627
2827
1333
4215
7712
4296
774
5625
183
8675
1479
2372
4162
5673
2801
7519
9938
4940
3633
569
3148
908
4719
8711
7743
2636
1418
170
2611
7850
2776
1402
5632
7174
2490
4693
8194
2380
6081
6718
1421
9605
2217
299
6833
9582
8884
8149
1242
7744
7017
8604
7872
8638
1317
9041
9342
5982
800
1262
8028
9190
2280
1118
6966
5973
341
6444
889
5442
6783
6038
3833
7881
1053
4353
3810
1452
2701
435
7617
4603
7622
8132
8804
9701
9990
2499
9544
7066
5909
4788
4296
2004
719
5291
6481
2737
7021
9543
7739
6596
5388
4825
6656
1490
9410
2566
310
5993
6748
2019
7583
4283
374
6557
2130
3217
6580
4320
2203
7182
7363
7918
7572
5936
2435
744
8952
6827
8251
6900
1733
3046
860
9713
6031
943
3137
2048
5387
5244
8333
7585
1541
2224
3189
4473
2241
8726
5227
8011
4822
8800
3583
940
3089
3593
1632
8474
9900
6712
7331
2453
9357
9626
5002
9698
3374
8824
7515
6103
9627
5630
50
4431
1275
9009
1619
6284
435
9996
668
774
9061
4314
7832
6171
6826
7349
3644
2133
960
4733
8995
8451
642
5967
7144
7121
3816
9338
7060
36
4040
5337
730
9804
7377
6866
1490
7889
385
8153
9251
4231
3518
6117
4309
5366
1606
4727
5049
6323
7219
3166
6432
8982
5394
1136
5358
4752
8181
5437
9413
2601
9766
6815
4080
5258
1615
5213
8174
4940
9369
1544
6824
4752
9426
3038
2930
1230
4961
4050
8710
8904
5719
1384
2023
7142
9583
7539
1130
7847
3566
5608
3348
6323
6328
4473
3025
7490
7000
9053
9523
2637
1556
6297
7732
9730
9023
9440
6354
7390
7467
2371
2900
3402
3782
8251
7557
8025
928
4219
5740
2225
2415
8248
4238
6719
3958
2392
1028
8645
1747
5221
8533
6736
1742
9002
9724
9478
7522
9833
9651
6300
428
8506
275
8543
977
7822
3720
7193
4859
4835
2960
4583
7586
6924
9508
383
364
1872
8090
2328
5879
5728
1496
2434
4650
5370
1941
4270
8342
2590
7356
9222
8702
3178
7885
8218
7391
1030
3575
690
2388
4686
18
8482
4007
5839
6098
6845
1084
7376
3309
6413
6374
4910
2243
840
354
5312
9312
6268
5834
3606
4844
2919
4094
2222
9879
6362
174
3538
1507
4161
1361
7058
9277
7761
1225
9931
7722
6158
1421
3081
3010
9099
3720
7645
9178
4020
7548
6578
5964
4929
3893
9415
8157
2772
1870
281
8593
6333
5064
7759
5215
72
9160
7758
7377
6806
6056
438
637
1976
7875
5935
7793
6652
3376
922
3664
7911
6759
5865
1095
1986
1788
4178
8194
4498
8771
6370
8736
7603
1870
916
4162
5104
7211
7429
5681
5352
5045
8614
5991
1993
1368
9426
1660
3126
5001
9815
1092
6980
6234
3494
1961
9996
6084
1514
9410
4295
1640
3264
583
2583
2431
9938
1215
7260
1672
6078
1861
4874
763
1391
9871
9013
5130
5106
2600
9274
7569
8204
9822
5864
7018
6614
3011
8884
4811
2377
57
8573
8375
2755
2164
4153
2820
2096
5728
6337
7726
4635
9766
6478
2490
8389
1234
7776
9616
6509
3446
4179
5910
2439
9981
789
7358
3277
2367
9541
5687
7767
1499
7443
497
5802
9209
2541
2196
636
6987
7375
123
6102
2997
2041
7261
1310
1727
9044
8319
1018
2852
2267
6355
4102
4439
9109
5676
8708
3850
2745
1435
3373
4828
8986
3184
6255
170
7242
6159
395
6188
8610
9654
4267
6775
5319
8156
5046
2827
503
9781
3413
1636
3374
8842
9818
373
1464
7469
9929
9730
5725
633
4497
545
7462
8709
2185
7663
3392
5741
7060
9532
4892
9629
2397
4669
5991
9929
4277
9251
7515
3518
1796
6546
5261
3446
9560
596
3943
2779
8974
9600
4688
3347
1193
9066
8943
9264
8620
696
774
1783
8124
5344
7847
9681
2776
3348
4714
2574
9036
4060
7982
5722
7405
201
6737
2125
2522
2423
525
8217
3832
3324
6604
1573
588
340
4626
4831
5570
2532
8393
5746
2047
5956
7861
4123
191
7889
8115
4206
5292
4059
4627
7185
5184
9495
9730
6383
1037
1118
2737
6859
4037
9986
9525
2113
9413
1767
1300
9047
1450
5764
5246
799
6081
5641
389
7802
1942
577
6673
3345
2566
3433
9616
9589
4555
4624
1133
8986
2241
1230
6155
688
1941
9652
1588
8253
2774
5052
9874
8666
3716
4544
9888
1357
9681
3914
4737
946
5995
8025
8375
4471
2321
865
8724
8016
5291
7892
3277
8795
1612
251
5162
3573
6584
7153
1639
2160
4658
6980
7142
6273
1800
3478
8853
4547
5786
7099
9485
3481
4470
6238
6760
4573
5447
775
3068
5948
5976
8876
9263
3629
8788
9114
486
5606
8044
3692
1658
9743
4543
612
2253
2518
486
9333
8225
1617
6610
4043
5012
9079
4689
3585
7098
7690
4488
5685
3085
7628
5625
9393
9420
6088
5066
2354
137
4273
1614
5911
9194
103
8511
4253
1292
2534
4319
1692
4697
4921
8021
7919
3744
7964
7338
9435
7104
1225
7410
6165
9234
7834
4549
5938
3733
8506
7846
1645
6369
5973
2692
5633
6832
8158
7018
8257
2928
9760
8974
5696
4361
585
2211
7834
2855
3271
2262
8584
2571
2425
8898
7955
7416
2494
9044
9930
3495
4386
1534
6323
4283
7396
1633
3943
644
5676
4658
6312
3428
3137
1025
9182
7467
3694
4143
6766
1764
25
9510
9847
8584
1154
1239
123
7973
6936
5022
1924
2731
6735
4840
3589
5570
6133
8554
2393
9580
6396
587
7583
5769
8586
689
2564
6189
2320
13
1742
3241
8833
3707
6993
1935
350
9489
72
3126
3711
2643
6715
7609
2150
9816
8584
4828
2385
1796
1716
4298
3670
3925
6806
6090
1059
4850
1661
7834
6369
3634
9583
5793
2175
4911
6203
8283
4361
7292
5063
9227
9406
9542
3375
6966
2779
6083
9815
7331
4267
277
2253
764
1248
4693
9728
4433
6981
2437
5618
8391
187
3680
262
2261
5163
1357
2557
4332
9710
8768
3761
3764
8538
1808
8791
9633
4180
7723
9142
7195
9600
3582
5606
25
2626
5956
5795
1435
8266
8503
7413
6803
935
1893
7697
3633
3645
5230
8746
2422
5258
3194
5428
1030
4247
1544
4142
5603
938
6355
3675
5553
1221
5054
2149
6539
2267
5126
4404
8176
8070
8443
6993
2578
8791
1235
7708
2937
8636
7772
4811
7053
8257
744
6657
1866
9935
1464
8262
4528
7736
4558
785
8195
3580
9526
9383
7346
8986
4613
3082
550
6106
4135
1295
3693
3693
5540
7544
6413
8851
2458
9103
2392
5411
2202
7687
7316
3633
7625
5258
8343
4570
8968
8508
7677
2574
9419
2535
9526
5233
7316
593
9122
6952
8371
9899
4098
6274
9255
3284
1863
2
5768
2254
404
9100
2672
9618
4187
1047
785
5028
6188
2499
2171
4470
1077
4375
9068
1806
9359
1248
8604
6267
2415
3327
7107
511
4457
2727
2883
3854
4663
4910
1742
2856
640
5886
9886
7778
8298
8956
8192
8451
5312
3875
8154
8889
9962
5176
4218
146
9888
7818
1396
5219
5780
4278
3767
7885
8908
6133
6458
9339
5416
7642
4998
433
247
3614
2599
2273
4998
1917
4707
9267
5157
226
6558
903
7386
8593
2975
1444
5447
3462
4984
1917
474
7137
5258
9183
3701
2603
1527
6594
3484
4432
9161
6722
3764
6812
6496
5325
8312
8575
5237
9508
8940
4298
3060
966
2787
5968
6381
5374
5102
11
4314
9693
4032
108
1846
4353
3690
6046
7881
7291
6133
6650
1435
3011
9066
3378
8499
162
2128
9299
9996
4968
4525
887
6916
7399
3121
3720
5143
5163
2881
9192
300
7255
173
9831
6263
2491
4897
5829
5377
9542
7678
9698
7494
9681
9500
8443
5271
4355
2074
2896
5812
384
8925
3083
6950
1549
8273
1363
1037
2686
8842
5373
1131
833
1986
57
8045
1270
7489
3895
5217
355
9610
3970
7749
782
6855
2845
8832
1180
3327
5618
5319
6296
9543
2730
4665
3713
1191
3245
2990
5368
9468
8374
5095
967
7899
9417
9402
9986
4612
9990
4724
9216
4848
1378
7794
5382
2173
7180
9562
8619
7146
684
6392
4355
6268
5622
2823
6650
8924
7580
3042
4836
2637
736
3463
7416
7415
3451
5445
3134
2238
9948
8889
477
4284
9878
3685
5702
2843
5163
8605
1944
1865
8204
846
7959
7562
5002
8194
6887
9621
3042
4510
6497
3508
3541
8962
8749
4195
642
4775
6900
2656
9479
1905
759
5125
7655
8791
6015
3446
2056
6752
809
3813
1802
6561
9035
4279
3401
9642
8886
3027
6077
7098
8333
7297
6450
2185
8861
9106
9802
869
3478
4277
6578
299
2995
1734
6009
9201
7193
2682
4178
7405
4812
4825
2564
1171
5935
7281
2015
999
6135
7151
5651
7308
2450
1870
3033
6750
3635
529
5125
5747
1130
943
6539
5299
4471
1308
3552
5145
9382
860
33
7706
613
9170
9204
9835
3368
185
5955
590
5696
8994
3261
521
1184
3207
7918
2946
8418
8441
2510
6892
7450
9836
8451
4877
5920
6283
5105
6753
8667
2393
4549
7776
9343
4531
5542
493
25
2115
8342
8461
1596
8401
3073
4578
8668
7352
4471
324
5362
3648
8437
9485
2170
763
1418
8245
1849
4701
3074
4128
7851
3347
3119
7258
4378
303
636
2772
9993
9521
3939
4684
4458
9803
1530
6531
5146
6020
1762
3240
7613
8710
6561
9654
9780
6355
462
1435
3697
2898
6126
467
1620
3536
6829
940
3402
9990
8552
6739
1641
1729
2459
4466
8626
3879
1655
2319
3349
9862
4579
511
462
8138
7631
6442
5264
5445
4165
7515
7759
8093
257
759
8542
3390
5685
7004
3550
9021
6412
5261
3013
9875
4062
3337
8724
8284
5608
9157
2321
2246
6652
6482
7912
4284
793
938
3462
8251
9628
1065
8686
3783
7264
5772
8718
6505
1760
6361
7077
9645
1387
2529
4032
4549
9032
832
6423
9925
7851
1225
8889
2130
9856
1998
5835
5779
5244
86
11
8330
2427
1415
2937
9138
5728
5846
9370
2600
1296
7417
8608
191
4437
2073
7038
8069
1037
7831
6254
4544
3206
4373
6390
1500
4747
3618
6926
8099
1461
8165
4179
5166
9548
6595
3269
4317
8011
641
9190
7508
2792
2593
4809
9820
5328
1872
2275
9444
6723
9531
5373
2764
2550
670
7851
716
7789
1621
2308
5696
8525
1519
6539
235
5991
2012
8532
1674
3705
4253
8121
7723
8954
3373
1126
2637
1037
5492
2470
7185
384
7878
6522
3373
3733
2104
7206
5160
9811
1130
4828
971
9838
2396
7186
9
1418
1761
6118
2726
9332
9135
8573
5772
3521
8070
2423
1705
5005
5909
976
2881
3948
5994
2257
9409
9411
2253
732
4498
1461
5670
2504
236
1831
7931
9220
3958
3067
6060
1857
1578
9727
539
5062
9178
4767
8714
2267
7994
281
4148
8249
4538
8546
3758
3495
1479
2200
403
368
4519
1527
2328
2503
4648
9685
701
1418
609
3815
6803
359
4812
9620
8176
6169
2404
4438
3534
8374
85
2096
2528
8069
4498
1207
5877
8011
4812
6657
8333
111
5463
1032
4179
5602
1596
961
4919
7128
8432
3126
9116
9161
636
3405
9573
7078
3392
8176
9392
20
7690
2896
2890
7396
392
8412
4243
2555
360
7099
8220
8523
4247
9998
4132
3536
2564
6224
1785
8339
5861
1569
8895
4087
6616
2335
2128
1195
6590
3602
3370
5700
493
6336
2686
2218
3524
6792
6439
747
2048
8487
9585
1727
7936
7863
6722
9977
2870
8750
4157
5080
3756
4860
5247
720
2384
1110
2520
3929
877
4570
2496
6258
175
6280
705
1554
7851
6667
9597
3372
5303
6654
590
2802
3289
9306
3667
1950
6546
6482
4886
7961
6226
9367
1142
188
8354
4178
3948
6481
552
7252
6200
7025
7531
7517
8485
1941
793
1886
4732
1472
1269
8951
1066
9079
3051
7475
9710
833
5835
1415
8951
1002
1472
6867
6069
4219
2047
8761
3230
2628
2041
826
2599
1272
3977
4892
1241
312
3278
1088
6024
235
2952
4581
4373
3829
7810
3348
811
6651
5670
3239
323
246
9473
171
7546
9299
9803
9495
3139
1240
3414
2768
294
8149
2845
1416
8249
2162
2946
3997
4748
1347
8574
2763
1940
5421
8204
7104
2845
4175
590
5178
36
4579
557
8885
2171
5560
9476
3827
6362
3501
8706
4376
3546
9336
2084
4563
8842
6078
3508
4647
3716
9307
3962
8096
368
3373
3802
7789
9835
8938
6158
7881
2195
4960
7844
5356
809
375
8983
7608
5770
4931
3874
1080
532
9590
6031
1240
1281
9780
9389
5924
6290
7955
510
3978
6249
2103
9490
8559
774
607
3107
6215
6723
4275
4142
1365
2364
899
8952
7830
9339
1396
7174
736
7308
5542
9862
3405
9122
4336
17
9712
6347
7508
9548
4843
8233
4161
7767
6208
2478
9877
8887
522
9693
5616
3188
9589
2852
6272
2723
5362
644
5018
8248
5686
7058
7895
6572
4910
7806
362
9633
2155
1323
1506
9103
7407
1530
7998
3878
5437
5786
7573
5145
5257
2983
1945
9851
294
5004
3729
3694
4245
7794
1438
3271
4277
4797
8466
1049
4489
3605
2821
1919
8486
4160
7313
9806
4074
6377
1760
318
3748
6389
6595
1403
5991
8543
9392
229
7727
170
5930
3739
6544
2379
3692
7058
9770
2616
6793
7063
3826
3528
6799
7865
3827
3403
3146
8024
8078
238
2947
5199
2878
2857
8943
6729
5374
50
7322
7953
7793
9991
6212
308
2606
7760
6169
8689
3059
9980
4640
3433
4277
5218
3769
7568
8713
8121
3755
8804
7496
1527
4557
6450
9362
8837
927
2466
8380
1158
716
4585
3794
4228
5835
7058
2663
4856
7897
1811
4980
7992
5869
5971
9399
8861
7810
4016
5700
9598
6054
2331
9613
2109
7769
3318
9948
8973
3722
6415
71
4119
4677
4819
5655
368
1766
404
201
6017
6735
9190
2881
8885
6653
5748
2262
7875
65
1592
9528
7969
8853
9265
4155
7736
3907
5610
4956
621
8154
8283
9181
7525
2771
8626
1133
9714
1783
674
1404
2015
7812
3869
1917
1477
636
3478
628
7185
789
3735
6654
9651
7224
4506
6539
6025
7181
4558
8839
4936
7785
6036
8982
2252
3847
7210
3635
4590
9146
7987
4533
403
6022
7892
4874
4413
9370
2205
581
7376
6338
3568
4361
441
1206
3944
7958
5291
3376
3261
6280
5516
8943
9460
7699
7371
7075
1296
402
2749
4275
9799
2999
337
6731
7647
2749
3463
162
5340
7339
6632
6735
2628
4904
9274
5952
1783
8824
6518
869
7467
1935
2440
4404
7138
5925
4088
395
3271
179
7466
4567
3576
2676
4573
98
7302
8542
5022
5466
9464
7958
6641
9964
5820
3004
8160
7582
9962
8968
4537
8792
7391
2622
4651
987
9166
2528
9361
8047
545
1080
2244
1518
8440
9331
8638
9702
6149
9614
1858
3802
800
412
6535
882
3995
3136
8290
756
9942
6390
9557
6478
5264
7639
6013
687
3282
9385
8354
5374
2101
6102
7907
4859
557
6081
1363
1864
9037
2204
8603
9773
4532
4054
4576
9094
6598
9539
5389
4014
8024
9035
8019
3339
8770
7635
1295
7851
5923
6689
8888
2690
3260
6098
8311
6209
289
3378
8157
1712
23
1070
3784
5715
6335
8183
3360
8074
787
9835
3197
7161
6427
548
4874
3642
917
2422
1435
4971
9134
3633
7063
1749
9574
5115
7505
9190
5711
8533
226
36
1720
5562
8574
1743
5686
174
7655
1718
4812
1466
8633
8699
7548
1218
7820
1054
3137
4297
8506
5275
192
1347
2199
1307
8616
9054
3025
9250
1248
3555
3157
8731
8725
8312
5432
8868
2605
3775
521
5369
8637
1268
736
9585
8750
1220
621
9401
3262
5795
275
1762
7346
2920
2927
5427
1936
6529
6616
8255
1184
5337
716
119
1098
1753
3230
6317
8724
8131
3368
7743
246
8194
9860
7277
8817
2131
3469
7056
634
7471
3373
3972
2180
1623
477
4440
3222
8287
9857
8508
5556
4707
1485
6584
5001
1993
852
7309
3665
6798
983
984
9702
4840
3575
5345
9835
6966
5213
4603
6323
4742
2581
7678
8358
621
3907
8257
4494
5458
967
9782
9897
6400
3534
911
9860
8711
8666
39
6355
7893
385
4938
4040
1734
354
9247
7550
7481
564
9561
1665
392
3914
731
84
1639
2956
4226
423
5247
3331
9463
2451
8066
3701
9574
2404
9190
7193
6130
8955
7919
3203
3245
8907
9131
3756
4390
7285
5631
6268
4175
971
4952
1071
8288
3710
7635
6604
5465
3481
288
1751
7127
3675
1454
2663
4197
5406
8943
3499
6433
5240
9659
1300
4742
5143
7099
1767
1723
242
4390
4231
4533
1775
8465
9181
4162
5100
5045
4835
4754
9020
1621
6155
3318
183
7232
1327
1430
1440
2763
3680
1028
4023
3595
8954
3915
2225
8300
9442
2860
6009
42
3076
3140
6803
3376
1430
5186
728
3230
3884
8991
4688
4752
3473
2916
9521
8686
871
8854
5896
2294
1893
5238
6104
5892
7745
8804
2745
720
5001
85
5448
6355
6328
9438
2745
8757
736
6460
2401
2745
3215
6599
2642
4597
7501
4813
8932
3591
4341
5496
1221
9620
4579
7080
4352
4550
4099
7446
6337
4435
4143
251
8012
8992
4285
2403
4708
1368
4883
4336
1605
4659
4659
8312
7833
2999
5905
9023
1216
1767
2823
6812
1385
9598
5258
4708
4890
9710
6652
955
1787
2749
8255
453
1773
5540
5759
7111
8402
7872
6531
9831
2158
8552
7739
857
6768
4345
7066
38
5033
4658
9085
7745
1728
1164
1743
3541
576
9864
8726
750
1435
9163
7
3032
3316
946
6827
3735
4124
641
2210
1248
865
8787
9424
884
3225
756
8794
9862
2016
1490
5951
3820
173
9351
941
8561
2459
5925
6608
760
5760
7690
9954
9665
9199
3536
756
6610
2867
7825
2120
4742
3588
1516
3089
2693
5807
9629
3927
3285
3767
8018
7739
2470
8951
826
360
9544
3007
4747
3022
764
3270
8517
5925
795
2626
7611
6914
6188
6641
2681
763
5068
5282
7489
338
5941
742
5974
9435
7834
4471
9964
4378
7942
7544
2679
5312
3334
2229
8384
9604
7253
9540
7577
2791
8438
3535
2275
9862
4087
3595
5053
2104
5623
511
6527
5036
1802
9239
6911
1355
487
3491
7863
2119
9215
8017
1420
6654
3826
6362
9111
7635
7446
2996
280
437
9811
1613
5121
1544
4895
2263
1565
8508
7955
4665
6806
9817
5970
1414
264
1074
266
8078
4686
8398
8906
8222
1730
6295
4374
5840
8986
4314
7187
8115
7343
7073
917
3882
3549
5619
8968
6542
300
3532
9109
7844
6890
2062
7616
5127
8382
1218
2564
9336
2890
6121
1453
7736
3042
5790
3390
1641
3259
8160
9716
9485
3074
7295
4059
5177
9656
5829
9040
1112
3790
1693
5370
7225
761
2101
2015
6498
1618
300
4862
8863
6960
2540
7181
2952
2250
5777
5218
6055
2001
5865
9752
4597
7241
7674
5614
5387
9035
2822
5504
7079
9512
3102
5863
7524
782
4020
9610
8118
183
6317
2206
9088
1950
9438
2999
5318
9696
2999
9852
430
5497
1711
9263
4273
2459
378
4131
9255
627
6255
9405
323
7363
8898
1472
9894
1414
2230
8374
784
157
9548
9768
6275
8181
1615
2458
5369
9820
50
3995
6290
2847
7151
162
8604
7206
8611
6803
2162
9406
4755
8776
9181
6955
2994
8792
8652
7066
1360
7537
6983
5150
4826
6723
1178
9575
4093
9591
3580
8173
8761
7794
6511
5928
9560
705
1599
3180
9583
2045
5459
5267
4161
5271
4235
3223
4797
7983
2970
915
7585
7875
5217
5600
2465
8819
8829
2679
8584
7045
1234
7544
6092
8339
4218
61
7537
322
3710
1718
3164
8069
629
8374
6063
5306
648
1404
3194
549
8249
8248
2802
8229
5604
9812
6498
6870
28
6167
5143
1644
6004
7384
7899
1712
8218
2049
455
5215
8605
3314
2600
607
4131
5311
7731
4870
240
2952
1033
5170
5235
328
1351
5022
2949
5425
1764
3591
9164
1958
6657
2668
3524
7622
3423
6182
4168
7932
435
408
990
8899
9680
1321
2150
9146
2096
590
6780
1914
2125
3748
8486
2207
7582
9264
5952
3747
521
6308
2993
7112
308
730
1168
5066
3275
4181
4142
6171
9600
5173
6655
4273
7356
2755
1435
7618
9750
9871
2770
2331
493
5715
7436
2512
375
1007
3882
3102
1825
9354
9132
7490
4581
2196
429
140
637
624
145
2401
9693
3390
9106
2663
2749
4481
795
4592
5952
4884
6337
3215
5001
1044
3970
1455
7385
8755
2372
2068
7058
542
2557
7346
8452
2198
7606
4123
5770
2313
7440
9260
1271
3460
133
4747
3217
874
639
8951
3632
5424
322
1081
8419
6113
7309
6713
846
1048
6900
3226
7986
7884
6129
1237
922
8326
2999
3022
6641
1479
4123
742
1877
5339
2545
4199
3107
6440
3827
4742
1977
5018
4526
2238
8441
1858
9693
1327
7121
3025
3310
6540
4144
1993
147
788
8735
4598
254
2058
726
9976
9438
3765
2457
2138
7056
3651
3089
5386
8084
7678
5043
884
1686
9964
6004
6544
2407
3377
7712
4747
829
3316
3390
9760
9642
7364
2403
1604
6782
5377
9459
2987
2982
3849
5614
4971
571
4504
9029
8186
283
2463
9339
6835
7895
6616
1479
2852
2252
40
5068
1248
275
7918
4721
7173
4856
1977
4144
2713
1948
7407
7090
6712
1530
3846
576
345
4420
175
8435
8982
3048
8380
5087
2710
2454
2162
733
3347
3446
3782
1017
1476
8126
810
3356
6265
3543
4060
7895
882
5696
9222
690
2948
7188
2194
9260
9405
4345
8273
5131
3408
4007
2469
7504
290
8166
6058
9047
8708
8063
3875
2150
310
2648
4960
6417
6522
5746
4339
2396
