1936
8062
6958
8859
7337
5476
5156
2607
6093
6544
7622
7202
6365
2217
5855
1537
7858
195
6408
8444
4259
980
3937
7163
9193
6772
375
752
3883
4245
6106
9222
8393
1351
144
2055
4616
2657
1394
4147
4217
6689
1214
2506
5146
6356
1682
7948
1830
6400
6867
319
5689
5695
9515
3404
1452
8876
3839
7502
5723
8823
2484
3828
2441
5728
857
1946
7605
2793
4616
8237
5796
3561
3964
7658
9553
1307
3787
8177
8232
1906
8885
4556
9454
4965
8686
7126
5962
7602
8816
4310
8600
6016
2804
6475
3946
4538
6888
7755
4428
1242
9433
1849
6665
4357
2669
7538
2883
7753
5858
5412
8028
7722
633
2177
775
9043
3653
4216
2447
7744
8108
494
7387
8482
4244
9586
1976
4724
999
1316
6700
7601
7563
7508
1463
3570
8124
4752
7130
589
3421
7364
907
6332
3570
4864
483
7099
7887
1131
1393
3596
2025
5543
5517
9616
3715
9138
5528
29
5129
5995
1251
8456
5444
1421
6958
703
1791
8264
4246
2975
4706
5513
7773
6242
6563
9712
1168
6317
6307
4384
6880
9579
2740
3211
2382
2353
4420
8279
4753
9492
7238
7414
2775
3702
4074
2913
4109
1506
3009
5444
1680
5538
2388
187
4800
5276
1135
590
2835
5317
7153
3939
7875
9035
9678
9819
5964
5321
9329
190
6737
4066
1692
1690
5281
1982
3163
5632
1504
8876
9674
2921
8079
249
3962
5030
7015
1214
3875
3880
7761
9314
8747
3880
9466
4722
9407
9432
5909
7066
8949
5236
5837
7615
8944
2668
3012
7317
2647
5143
9181
9447
4374
5279
9325
2974
4616
1920
738
8588
8030
7800
9867
9514
2069
1794
8743
5477
1721
249
9628
8062
6370
6500
6686
2760
6242
48
5611
946
9309
910
5272
7096
4776
798
8526
8928
39
3501
8173
6587
5921
7968
9534
7459
7061
5139
152
291
4034
9647
4430
6159
1759
7914
7564
428
7773
9919
2593
4178
6810
1553
7590
9455
4975
5286
2691
8322
89
966
9615
4595
4466
1629
5298
3582
3273
7338
7554
8177
2292
6486
2756
1995
690
4522
5323
6670
9331
7348
6877
3195
6311
3145
8122
5449
5866
8374
8168
124
9252
8741
7467
7444
8770
8779
2375
1920
9006
7631
7162
7590
5215
4445
7533
1920
1516
4931
5216
1127
717
4746
3844
5442
6202
3332
5983
9503
2485
2888
6919
8853
1921
6197
6077
2263
2001
3883
2538
1633
8870
9932
835
7023
914
9048
3459
4066
4177
9958
6044
975
481
1106
8978
8094
5731
1103
3921
1398
7348
5897
9292
7329
7764
7467
3085
5971
9482
8198
1905
4891
5286
1804
5213
7464
8291
9170
6373
3718
3136
1215
7628
4198
3643
9858
6525
1595
2916
7302
4130
4038
8878
6396
8901
6969
2229
9556
4414
1240
6601
1980
7713
3960
6405
999
7072
4572
2374
7445
2177
2512
2237
6625
9117
4254
2349
7447
9939
5626
7940
2620
3982
2553
318
4095
9165
5002
9892
2303
2548
1339
1346
9165
6396
6210
1397
6326
724
1741
9483
9651
6201
6590
3222
6925
2013
1132
8016
1242
8850
1574
946
8035
7945
1041
5944
6698
7370
3937
711
1691
202
4283
3832
4190
362
8207
8289
5966
8881
4527
4565
9295
2308
9732
5012
3595
1838
5732
8019
8330
7634
2647
8035
8525
5754
6455
9844
6037
6504
2013
3640
9153
8798
4951
4547
5279
1657
6976
1039
1187
6600
299
7406
9090
1640
8025
4616
6726
6074
1614
4650
7224
9495
9179
9432
5131
7724
5928
5186
4699
2464
9721
6060
3439
7877
4451
9040
6121
414
3457
8424
3802
2025
3875
1826
280
5502
8137
3884
4121
7475
1384
7031
1561
7208
6460
4691
5700
5042
822
665
2350
3018
5629
4248
583
9927
4967
385
4137
4446
781
2417
3164
9758
67
4504
2801
742
7590
9984
3662
6652
6267
9106
6514
2158
9848
788
2771
8304
1843
5647
4275
7946
5858
8509
6119
8612
8374
4663
169
2048
7795
2395
8278
119
4954
5645
272
681
2059
3640
4880
6492
6455
7577
5462
7162
3086
9263
9923
8982
9040
5921
362
4709
8968
4541
7291
8856
1126
7162
130
7890
114
1421
9789
5437
3767
2066
5944
2700
7088
6132
1944
7866
1771
7791
7120
1082
9647
201
6812
3880
3768
9324
9454
2593
2980
1760
2842
6333
8797
6534
7500
9602
6276
7099
2284
2472
9597
877
4052
7896
6754
43
2365
2957
1851
7331
2938
9554
8272
1559
6401
5020
3195
6365
1832
6371
6418
2738
6094
5297
9825
5026
3999
2284
9421
9453
3991
7224
6730
2504
8237
5924
7410
9897
9465
2246
3014
3986
651
5112
5975
8221
9191
3926
6016
917
56
4514
4690
2542
5040
3118
5943
2074
4927
9059
5871
9045
8357
9656
5949
6161
7671
8476
7332
9500
9483
8710
7806
1681
777
7053
8248
4163
647
4428
5977
7509
6331
4706
5626
3081
742
5802
1267
3273
3450
890
7500
1137
2468
3461
8614
1393
2557
7527
9724
9537
8903
2226
1552
3657
8703
1489
4275
4145
7615
2422
1431
5141
4002
2146
7434
1496
9974
1675
5695
3667
8515
2839
1733
6458
8822
5372
3342
2797
2689
810
9323
5175
3235
9650
9161
2823
1991
2971
9483
1429
3038
7659
9105
5205
3248
9953
9591
4228
9916
3515
6077
7277
6037
6080
1086
5143
9295
8110
4496
9455
2756
1121
1307
774
6969
7748
6313
8389
6382
6931
2730
8892
1773
8311
731
56
2442
7248
2876
6425
2218
1961
1234
6159
8871
2754
4167
2617
1316
4767
7154
273
7614
8671
2998
9681
1126
4963
6814
7600
8620
531
9714
5926
9842
2866
7813
6464
4871
1786
3539
5380
8066
3801
1226
1168
2745
8356
6716
1067
3018
3713
5040
8048
7664
9190
2019
5145
8270
310
5561
3256
7505
613
4117
3516
5647
5704
244
3961
6686
2674
9322
8754
9458
4385
1583
8214
4496
7309
8875
7694
2937
3201
3647
137
3374
3746
1847
3320
6514
4603
8809
7296
3250
9323
9622
1717
880
1014
574
9235
2797
4278
6640
2146
3532
1792
3556
7852
2325
7284
8193
2444
4678
798
4631
883
2482
805
6628
9404
5476
500
2217
8033
8722
3946
731
4414
6201
6653
5968
9585
4692
1555
5490
6778
1841
4594
3179
4723
8840
1603
1010
5506
5419
5592
4383
5367
6499
5588
5483
162
9404
5614
6096
8153
4321
7535
471
8889
7524
3046
9701
9495
1384
3240
9116
5690
3080
6070
539
1004
7829
116
6652
766
1822
502
871
6080
2481
1943
8087
393
4264
3820
9674
8844
2452
8264
4860
9987
3122
7618
3336
2814
4860
4327
2133
6972
9031
3485
9040
4004
5055
3641
7064
9034
8509
7748
1065
9795
946
8400
3352
983
8505
7512
6300
4338
5555
8149
6016
2444
8177
6888
4376
8556
6572
9039
2944
289
8734
7003
2916
1572
8809
7476
8661
2947
9024
4688
1819
4218
2442
4808
1904
7535
7320
8045
3474
5378
790
2847
6063
6955
6349
5796
5656
5011
1141
4987
296
4694
9293
8053
4892
2128
325
1555
1480
4534
1819
2669
6227
939
6646
2252
2952
5497
4160
181
8598
810
8298
4642
946
6865
8268
6495
3556
9153
1900
9513
1738
211
8357
1943
4030
4867
8889
804
3944
6740
1007
8942
8594
2642
9114
9827
9041
9118
4461
8025
5238
9952
4258
3171
3696
9263
9060
6581
8840
7655
9329
7112
7007
8965
272
7517
6456
3717
910
8467
3235
1065
9690
1174
5594
9432
8789
5040
4805
5286
594
4797
176
3686
3563
7497
810
5992
2806
2754
9710
888
7523
4447
1155
2601
2653
9726
1894
5796
5855
2438
5179
1526
7996
3800
544
9251
8198
3316
6041
1354
3979
8866
7828
3918
7820
2560
9444
1834
6388
3121
9932
3051
6208
8580
7364
6492
6668
9658
2217
4527
2276
2276
1251
919
3714
8752
3647
4853
8068
4718
3515
7392
4530
6574
4641
2071
5948
2039
6517
6260
3965
7413
7227
1582
6424
3484
5497
8446
8797
3275
5062
1731
4535
3318
3967
4530
7775
6645
8603
9597
2506
4445
7470
5443
2824
1321
195
3193
8345
3441
5934
3714
7900
2087
6685
3086
9532
5216
4453
4311
2490
5127
5220
6025
9070
7953
8894
2309
11
2225
2531
3656
9468
9556
1110
7817
2008
2922
7754
5567
886
122
2509
3364
8456
7852
6161
9409
4466
4047
8698
2084
9376
4590
2975
5871
6671
2279
520
5276
5528
2464
8120
3114
1310
3254
2011
5419
1282
374
1819
7107
8162
2919
9579
4788
7218
511
6517
5833
3734
2235
3786
1991
5728
8331
520
3301
9388
2420
7835
6972
7338
3633
4947
3899
2769
7682
419
9023
1222
7484
4137
4426
6413
2272
398
7258
7114
3148
7058
7972
6350
6119
7544
6409
6501
2184
5347
983
7279
3454
7699
5913
4147
7542
5952
2223
7328
3676
8142
3827
9254
3665
1127
1960
6863
9893
9546
6969
4856
4071
4874
4376
4234
6492
4730
5534
2452
686
4097
183
5949
7896
7287
6317
9003
1681
1754
3900
2503
8755
7037
4264
6736
247
8475
5250
9700
8602
660
8939
8040
8813
8779
6733
864
8090
4366
5295
6423
7848
6692
2113
3714
103
8215
958
2178
7047
2414
7402
9483
3748
1720
9833
8212
6805
8810
2970
9538
6590
376
7131
6121
8999
9066
7946
319
397
929
4234
2760
8886
7620
5998
5150
9356
8274
93
7058
7571
8488
8110
3046
6953
5267
4140
1364
4231
3643
3781
2217
6601
4877
2556
9205
8721
8399
3582
7710
1731
950
9616
9388
7892
3909
8643
1420
5308
1555
8915
4730
6303
1040
6983
3474
4942
4781
147
5228
9947
2085
319
3991
8400
3556
2952
1991
3018
2070
1665
4124
2413
3924
3987
4246
8416
9924
1059
1309
7155
7431
7964
8112
5219
3340
9874
8151
3152
2882
3999
7709
2659
3216
5723
7391
1555
1894
992
8183
5298
1210
9167
4816
2601
1187
810
68
4258
9415
6074
5761
8664
9568
2214
8461
6790
9292
3530
7147
7267
5352
8022
4689
6468
2239
5515
6219
5523
3832
2263
7657
8837
3820
11
2700
9398
2435
8871
4748
8203
9346
5909
6106
1880
566
7952
1677
7910
2247
3751
8115
299
9557
7735
8125
1744
6121
2950
618
339
7797
1992
7725
948
3151
1307
4726
2234
6482
5121
7948
2054
7078
3176
2700
2167
2282
9309
42
618
7544
1486
8871
6074
5135
9456
3017
2558
7455
1065
6213
6935
375
4123
9662
6197
3192
1996
1936
1536
4821
2952
7367
5718
7162
4207
6494
5061
8357
1666
2240
6900
4710
4571
4432
7516
5744
8698
872
161
4914
4796
8432
9124
3540
1964
4600
3273
3983
6547
7414
9454
6998
7751
941
5672
8075
1409
1221
9977
9842
6700
7253
7164
5152
7844
6305
5986
2053
1905
4884
5736
17
1754
3883
6985
940
5238
7475
8374
7896
3596
3828
7075
3685
8844
8205
3939
3080
9886
5683
9066
6331
2793
2998
5621
9987
2995
7650
7320
9388
743
1141
1447
9830
9599
6475
2859
3656
5863
1814
3015
9772
6112
5528
2509
5490
6439
6260
6190
871
2481
9336
5012
9140
7435
9344
3639
494
8284
9245
798
1226
7806
6056
2345
9079
9376
4428
4694
505
8702
1393
8331
2957
3829
9642
1168
4310
2226
2098
6888
9050
6573
1298
9117
5536
5184
2386
4920
2133
3984
4170
8330
3699
8466
494
8268
2563
8421
2688
9467
117
1792
6202
2477
9370
908
169
1922
2084
666
1826
6580
4011
3424
79
7246
3818
883
1426
910
6305
6373
3085
7331
5011
1490
213
371
2876
6419
8145
1881
4173
8894
8645
6201
6416
5922
4868
6818
4000
9301
9509
5344
6358
3973
5449
7308
5732
869
5121
5489
3464
8466
4473
1645
6130
5323
1086
909
2830
5659
7447
5689
6334
247
2303
9013
9395
5295
7302
8590
8403
3591
572
9152
8253
9195
5056
8166
9073
3319
354
7066
6964
8075
8823
8467
4088
5126
3457
957
6572
5264
3850
3570
7352
6408
1143
3433
7785
8262
1467
7447
9524
5530
7040
2177
6791
9466
6083
9861
3572
7588
4284
4619
5523
37
1350
5081
8128
1956
2138
9757
494
1996
4796
835
3698
4366
2564
4107
9831
9181
6329
5178
4830
9450
3529
2833
8291
4853
8813
4546
4584
3945
8607
711
4030
545
2105
5552
1307
851
9236
652
8853
7358
4473
1603
3539
7296
2503
8152
7873
9791
545
7511
9839
3631
9623
1241
8612
7434
5298
1243
7099
3900
1900
6754
8048
3187
6801
7341
6499
4907
2001
6885
9977
9703
6995
3563
3874
6338
5330
6310
9113
2933
1490
2125
6560
1296
2167
3251
2757
4277
2452
4282
4196
7162
2354
3025
6990
3967
471
5532
8291
1808
8612
3458
6274
8115
8504
1579
1926
7047
6919
7464
9942
1393
2975
3279
7590
1660
790
6132
3017
9733
1555
2780
4245
67
3683
8170
1098
6354
4780
176
4853
6368
7867
5914
1535
4167
2452
7532
1887
6129
4422
7010
4542
65
953
736
7283
1811
3051
4689
7017
7868
9455
8467
9464
3939
288
4969
8177
1440
8291
6980
6373
3222
3657
3192
8245
7538
6087
2035
5483
7694
8168
3631
995
5665
2263
1430
9736
9374
8256
7665
8891
6847
2938
2441
1576
7182
8071
2911
4970
2053
2146
1032
1021
7412
6436
9987
2035
3479
1960
9998
9162
4052
9399
7984
9858
4709
8205
3455
8236
2100
1955
5516
4579
8748
2687
8126
2506
6834
5332
6273
1163
2803
3115
339
4699
7508
7678
513
2223
5588
1671
5905
1880
7866
3359
4208
4137
8856
4547
3601
1655
6268
6032
5351
7806
8472
6623
271
2542
2537
7535
213
4987
1568
4235
7664
3313
7467
5741
402
6790
2080
7926
2314
1892
9566
3802
5294
3112
4283
9789
8952
8071
6926
6529
3790
7494
7135
3640
231
2746
8140
9040
6935
2576
1007
6999
4748
5179
5962
1512
6889
4315
1631
9105
9025
9141
1921
7994
9474
2860
3804
5502
4496
2911
7435
2184
4220
694
4357
6849
5287
7869
2847
6741
6129
8415
2362
6032
5169
9421
9000
9972
6099
4166
2829
6146
3530
5229
3439
8472
9505
9385
4360
2101
8432
6623
5693
3216
9316
8319
1248
7382
3037
4700
2808
3264
2117
886
5497
9964
4764
8835
29
4129
2112
4341
5330
9216
7952
6799
2980
4259
4600
5244
6562
694
4663
8468
6819
8441
385
187
1155
8998
1634
5351
7420
7213
3216
4464
5352
5849
2132
8099
8985
414
8154
6819
1909
2742
991
7623
2607
9581
7112
8966
3631
6112
9524
2826
2021
1195
383
393
1214
5437
9211
2043
2463
4822
1810
7137
7444
4006
2859
6742
8666
3488
9640
2083
2043
5195
6413
8806
3808
9948
7414
7591
5636
1637
8287
804
8357
2412
9994
414
6929
3180
5486
9705
1742
7015
5838
1338
4758
8472
4236
6711
6363
3975
2463
9646
9596
2481
6423
8406
4311
1009
4603
4173
7863
67
4692
8952
9195
2202
948
7861
7664
2375
3917
2836
9293
6305
9984
5603
5785
5503
4337
4197
7696
3774
8941
289
2163
3654
3001
3589
8053
4275
1525
7806
8789
8460
6865
5392
3475
9564
3149
4513
7316
1042
5682
982
5921
7899
9724
5360
681
6099
1126
9444
9701
1023
8035
4925
3818
6395
5175
999
5727
7010
121
924
1636
2662
5199
1453
7002
5347
7877
3561
2641
5128
4569
9688
9045
3897
8126
3939
2804
562
2749
5693
115
3889
3883
3344
8943
9861
4251
414
5132
1880
3218
5833
7532
9376
9554
2898
9534
4266
3109
4719
9035
3741
7512
3648
3634
2662
9062
9432
4121
3996
9356
1454
6987
9483
3924
4444
7326
231
9034
2851
6862
9013
8060
8774
5148
8374
878
7696
1135
4349
3011
2409
9337
8068
752
2031
6313
8564
8264
3172
8468
7363
9809
6720
9514
2452
8593
3142
3696
9533
7244
6771
7420
4109
5496
8557
478
9240
7274
1924
1246
288
7652
2944
5143
9069
137
9987
887
6804
583
6051
2679
1309
4005
4828
8168
500
5444
3686
5740
5348
105
6494
5376
4542
2948
3787
292
9395
2730
9106
806
6560
9912
4867
1456
3336
2855
2732
2025
9455
5176
8031
7456
8722
7905
2745
2103
668
5533
4275
8985
5952
5724
5062
6019
1270
3024
8201
5005
6578
9925
8885
9974
4900
7487
7120
9714
8384
4617
2761
3887
345
8150
4908
8480
5917
162
4250
2041
207
4861
3216
3535
34
4255
6006
3165
7120
6021
2992
6777
9001
2298
7290
751
6459
8196
656
1678
9946
3249
4084
2142
9843
8071
8374
8185
724
5610
9483
5819
8915
4107
5541
1452
345
7822
668
1735
4201
151
121
46
2070
7355
9047
1762
8720
8252
4107
3647
3273
870
2474
8177
9927
8701
6716
943
8789
1345
9093
5156
1317
204
3701
3944
5565
667
6172
3187
6611
9376
5374
7531
9451
2620
5918
3641
6085
2177
7798
763
6378
655
6241
1921
4771
7877
4534
4368
2376
1364
5421
1905
820
6863
1095
6482
6121
9557
9303
1731
9641
1173
9590
3039
3045
9661
737
733
4332
9196
3921
1526
4507
7979
7165
1022
4274
1598
6019
3930
2659
3741
1298
9642
4473
7876
2200
5514
9471
1126
2103
1259
227
1330
6815
8838
6006
3259
5226
7031
9251
613
8068
3561
6367
2442
9095
3883
5272
4885
5298
1016
2682
8106
8612
4384
8227
1201
6682
5555
4747
2932
3820
9124
8590
1637
2240
3808
144
4140
735
5035
8118
4931
1542
8521
4454
5060
9161
7765
3817
1953
3728
6852
4496
975
995
4970
6325
3118
9595
8949
7588
1680
8137
4388
2487
5484
3855
8122
8979
2804
6274
1721
7931
7467
4436
1712
4111
395
8398
9757
4181
9161
4738
1937
1942
8221
1834
963
7332
4275
7563
7298
7964
2627
8762
7773
8053
5375
957
8566
5352
6317
6960
2070
4656
6349
6268
7265
4163
153
8067
1394
9184
5466
5611
3176
9256
3313
7473
6411
1781
3040
7749
9337
5186
3814
5023
707
1712
1674
2952
1523
5337
5022
47
8505
8979
1634
4199
9749
4789
9033
2533
3353
414
4465
5656
2315
5610
5103
1135
6259
236
5893
1968
2189
3215
5110
428
9763
3702
1677
7878
7797
9337
5718
6047
3185
4180
1465
8599
4742
4500
2986
3511
2485
5128
3827
879
6459
9247
9030
1044
4001
1435
7496
6077
5524
7972
83
2954
5651
2582
9301
6201
3448
141
9724
6689
8227
115
2631
3613
6327
5110
5481
8287
820
1952
52
4822
8177
3344
1742
3342
7459
738
3325
3264
5689
491
8793
5121
8834
3851
6060
9250
5360
2164
3272
8629
1908
1769
1270
8416
665
64
79
8416
9452
3279
9066
4896
3712
7732
8847
8889
2564
9984
5416
1733
208
3458
3271
4672
2457
6101
5406
6884
647
9165
9377
1523
6963
259
2536
8911
8885
1830
4625
4471
3652
9346
9803
1720
1049
4964
1259
5928
9455
5103
6154
1408
9748
5770
9089
1504
5936
9484
641
8835
7714
3310
3295
1904
7331
6161
6132
2724
8486
4932
3383
9757
7497
1270
8774
2486
7867
5762
3832
6129
8001
9332
2222
1005
2082
3240
5633
8429
1016
9417
6475
2088
6116
3516
7382
7274
8950
4330
5632
9122
5027
185
5338
7948
229
6330
2292
6052
7811
8060
7312
5330
1931
2535
5934
2762
1736
7037
1021
2688
8728
8608
4896
2004
6846
7770
4860
9490
4041
7702
2971
2130
9066
4774
7375
3767
9851
3716
1738
3716
5186
3680
5181
4766
9756
4106
2452
9927
907
6123
1004
1998
9942
7820
6762
7081
4527
4204
1758
625
643
7836
1656
3393
2378
9417
2082
7694
869
3254
667
3448
3596
2441
6775
4258
3559
8593
3753
6056
2254
7757
2088
6877
7394
3686
6495
6016
7994
8822
1903
5002
5517
2702
2918
3868
9987
1023
733
9284
9404
9667
3074
5840
9327
8562
2117
468
2282
9076
2327
380
2093
1773
3445
4821
65
8389
4704
4954
3358
5636
6824
3810
8598
211
8203
8353
4746
742
7154
9966
2814
8296
3953
3547
1849
8522
664
2465
8030
6277
3900
4100
6918
9432
8697
8001
9215
6845
5568
7696
2452
925
4766
1892
1712
3559
6002
9530
3854
6213
8982
995
2447
6335
333
1558
2158
3371
5842
3517
9395
2823
4920
2871
3910
5565
4883
8506
5113
2921
3455
5174
8710
7165
8686
4977
1436
5696
1588
7169
7616
5633
2828
1558
6229
8881
4747
7520
5971
1629
8744
2298
4173
4900
9118
5610
7606
8826
3872
7538
7549
8828
9346
7462
8797
3185
5490
9942
2091
2093
1456
398
5264
8468
5096
6019
9211
202
2310
3641
9546
2611
1848
6558
6929
2707
9093
2247
4327
9801
4451
8470
6793
9756
9175
3640
1603
8185
65
614
4860
4716
985
2514
8137
9309
8087
6501
1434
4626
5370
8784
2062
7296
6935
6275
1985
216
1446
2690
4625
2035
2056
9659
458
6895
1023
3144
6942
3018
8894
5931
2553
6487
7624
9616
1931
2305
195
3768
3020
8976
929
8080
9362
3856
6489
3908
2394
4629
5490
3374
310
1489
2079
4641
2652
1014
6324
2571
9179
3483
1227
2091
986
592
5629
8835
17
4451
2316
2069
6370
1696
6967
5359
175
1516
505
367
5627
8871
2427
5670
8615
9066
2315
6969
1505
2025
7702
8329
7624
1619
4822
2692
7431
6236
4581
8654
6198
2159
822
8629
2754
9393
8205
7275
8968
104
8345
7236
6353
2383
1409
4709
9388
1834
5056
2106
7650
3318
7590
7740
4766
7066
9863
9388
2309
9305
707
7436
9063
2639
7256
8123
9481
6969
2054
7866
1225
2266
2374
1191
9301
9059
2238
6065
2528
5344
8685
5337
8467
6899
6834
3435
9143
790
4955
4181
6065
5276
6021
7077
6758
1944
4310
5750
123
5964
3523
7536
274
50
9021
2703
5592
2064
3252
2182
9672
7043
8898
1317
3398
1536
907
229
4822
4044
3272
7047
1905
6369
4097
9828
6835
3329
6238
4181
7439
941
8336
9612
5641
6260
6099
4161
4775
6219
4282
4249
9568
804
5471
1960
6593
2472
3987
105
3657
2627
9039
9378
4236
9691
5514
2091
2973
6560
4679
99
104
2983
3457
2757
9506
4555
3237
4548
9484
3234
3808
4440
3945
5199
5040
7481
1917
2916
6740
5961
2808
2341
6935
2558
1298
6333
4132
8366
1240
8966
3335
5792
4739
3571
620
6090
953
7105
8162
1289
9026
1311
4106
8717
4780
848
5110
7979
5264
6099
1992
3715
121
2549
4700
2056
7722
2477
4000
8553
5146
6525
425
6877
5276
5108
7127
3766
7997
2755
481
510
9080
8959
8847
1093
5778
5110
4873
1142
1323
1323
100
6859
2553
8384
2048
4629
8104
8773
8397
5828
5228
5924
8619
9455
4303
2998
4433
1186
8810
7942
1425
6969
5444
9147
6275
2823
5169
4814
3855
253
2968
3235
9826
3132
1203
6893
2389
2008
7664
4224
4829
2290
2123
6530
4718
2385
1509
8104
8389
1555
9657
5369
9440
1350
2918
5918
4560
7532
5608
601
9985
9642
1077
6317
1360
3211
8468
2518
5134
3563
3173
6459
8875
8203
2776
7688
9707
8166
5444
5398
8756
1754
6960
2085
7213
4914
7195
9407
8834
8073
5194
9762
2177
8210
4066
8152
7182
3318
3786
3438
8258
2882
7486
5762
2816
6581
6784
1998
3778
9394
6515
5931
5544
2927
1598
7308
7218
4055
7315
6810
5559
1023
231
6771
778
8243
9701
3152
9437
7867
9369
2842
2308
3529
5687
2237
5957
7459
3344
5110
9080
6101
6351
7182
3299
2689
6216
9667
2515
2730
8293
5156
6769
2457
6590
702
941
6996
8515
9548
7458
6099
6989
1758
4839
8330
2217
148
4100
6624
7236
3766
3441
5955
8762
7724
3291
2536
7139
7015
1676
3838
8112
8330
8339
2271
496
2519
1394
9605
6196
7450
8756
6780
2462
8256
5705
185
6358
4706
614
2011
4531
8183
941
1687
5767
3475
1546
592
9678
5498
7225
7412
2085
2128
5613
9145
324
9214
3715
2549
1311
4258
4310
6406
9247
3172
414
7117
79
2091
8106
7615
6210
945
1313
9503
5520
3435
1674
3292
1995
4175
4678
7126
2814
877
5282
8590
9742
904
3021
9608
2262
9264
4166
9453
2909
3081
6305
7184
8561
1584
5275
4449
8029
6791
1638
2897
4479
6824
3652
9994
6418
6836
7948
4044
980
6483
4000
7580
9421
6698
5665
7594
4128
9822
9528
1691
8031
6500
8649
8362
5921
5613
6412
3913
5101
7564
8514
7702
4401
8188
7910
3526
2019
9298
2488
1716
6268
1473
9822
4306
9444
6263
6423
3542
9791
4178
4765
1155
9251
8889
341
6226
9867
2308
7797
4144
7224
3340
4640
6146
27
4538
8661
8579
1985
6534
3532
2641
5994
1230
3696
490
5968
9025
854
4308
5935
1233
2497
7828
7605
5321
5141
7058
4249
6389
1242
2785
2322
3547
8048
9811
7532
1010
3812
1952
1390
2775
6439
8414
2791
7002
98
7564
2553
2921
2048
1418
4038
2674
8118
3643
3041
9298
4202
496
1131
4647
1338
8952
7855
6804
9324
1466
2990
3235
8789
8060
8607
6729
8612
102
7926
2845
5308
2748
3425
9787
2639
9225
1968
2394
7346
7434
675
530
1447
4837
227
1124
3459
1023
9410
304
9673
5238
3227
3084
7508
7732
9393
2679
7783
7169
8373
8573
2691
4161
6273
8271
7246
1574
7421
9251
2882
819
7877
7392
5622
456
8958
339
7431
4771
6976
4360
8170
3640
1480
3730
8955
3171
4672
8094
213
9678
322
5761
643
108
4452
7724
5920
4433
9507
4691
6798
4462
3164
4167
9581
7275
5364
4601
9190
2720
5571
9756
8122
1397
6041
8715
3357
8924
904
602
916
2353
5184
7590
4867
7480
2825
9757
8657
6201
2830
2970
3568
5622
1657
9573
311
7352
6907
6674
9005
4029
1984
446
5117
4556
6624
9630
1173
618
3691
5930
6870
284
5477
6730
7875
8891
785
9664
1422
8710
1931
6792
2210
8570
957
1371
9594
3550
8715
7177
8754
3356
6730
7302
7815
5995
2048
9035
5096
56
9760
9964
5014
7887
199
1087
6253
9597
9293
9399
9994
3897
4639
6619
9646
1676
2868
7616
4504
239
6112
5868
1032
2444
1493
8115
400
8190
5669
5506
5817
4639
5197
7088
7914
7591
2659
8735
1186
7650
6731
7814
9180
5020
951
9072
7988
7311
4177
3922
8468
7296
8769
6689
7893
6783
6335
5859
9710
5921
3563
214
6805
7957
1337
367
4152
8965
1895
187
2096
4922
6408
7984
385
4147
8807
3991
3999
9455
8580
6111
4107
2074
3650
1525
1733
4161
5474
798
9117
6935
3196
6640
6529
5678
3285
5532
6700
1490
5934
52
6001
1637
638
3501
5033
4190
1044
131
104
4252
2439
4020
7489
9404
6317
2021
8474
3888
2025
736
8090
5611
9461
2656
9874
2113
3631
4175
4888
4454
2181
7850
6259
642
1760
7748
9450
4138
5653
9291
1712
395
3908
9179
2039
8539
6735
5392
4170
7914
2099
5689
2452
5848
1010
2337
6144
6301
964
1646
6931
5895
6963
5043
7755
3660
2087
7104
5444
376
456
1441
3520
7729
4436
4884
517
3185
6129
27
2052
8450
3421
8470
2811
9179
5023
9507
9095
6385
5419
9293
7725
8843
9763
238
1427
5968
1992
9454
6490
8121
3445
5294
8483
1619
3149
5171
8473
5534
8096
9298
7132
5367
9441
29
9904
9470
1142
1473
6417
6146
6651
6239
4500
2517
4947
699
2412
2249
3040
9688
2043
2657
6349
3947
6193
6525
7722
4597
3191
251
8288
5183
8784
6535
9041
2444
5248
8056
4339
5977
3782
6274
2327
5937
1832
1395
351
6415
5632
8585
5486
5074
9554
8160
8746
9027
8502
892
6351
5373
2173
9933
4208
1403
393
350
1889
3767
4641
201
4720
2695
9308
8460
8979
8863
3295
7729
5317
872
121
7382
244
4445
5497
6621
9290
1576
7735
2123
8674
4891
2893
2463
2409
8816
926
770
4691
7591
950
3592
4194
5043
6454
9264
7277
5765
675
5636
4709
3620
3344
9640
2114
3025
2428
7313
1396
2151
7665
2138
7925
5195
7730
9095
5295
4115
7411
3882
3144
2298
3804
6771
3040
4035
9996
9701
1307
1847
1780
3581
365
5782
3022
5660
8393
6515
3719
9710
8593
566
3192
5269
8421
9193
5712
6859
7412
2148
4747
2751
1142
3967
6671
4341
7850
8406
19
7021
5228
3093
6419
3660
8258
1731
6378
395
1461
7413
9070
2295
7131
7923
7839
4216
2880
9811
2074
5833
5792
810
4990
116
9624
8262
3535
6624
8645
272
5603
5380
9077
9045
3814
1692
9742
9927
4115
6110
1343
2675
8316
6798
7387
9632
4572
6229
298
9858
7625
9688
9792
8362
3157
4504
5450
2824
7500
9279
4180
5842
6867
4009
9861
4976
9744
2004
5942
1903
6907
354
2444
298
958
4449
3902
5135
6339
9190
369
545
6769
2076
9393
7309
3318
8943
3640
9832
1332
6456
3897
8899
6704
2989
3883
9080
5711
9201
3339
6146
679
903
3450
4175
3715
5705
8140
4718
7898
9868
8357
6781
2817
1698
2365
6499
8799
5334
1996
8349
3631
5821
6313
5429
3556
2801
309
7137
5502
7769
15
4474
1318
6559
7122
2021
141
8807
956
1655
5112
1591
3178
6515
2509
8177
8140
9062
6596
425
4538
4423
2069
442
8978
1982
5344
4303
4789
1994
5372
3498
4445
5006
4603
3545
531
9624
7105
1506
3834
923
4689
2149
8557
7341
3746
5226
5657
7929
5264
9709
2232
5998
3145
3701
6578
3202
5524
2109
9495
4529
8001
2385
1042
5845
9927
4648
7299
890
1650
7569
9023
8661
5643
7445
8400
8379
5006
5949
743
6294
4178
5955
3198
4284
9749
6459
227
7800
714
1366
1868
2452
3961
4617
5858
1880
1486
6692
5119
5362
6497
4356
5444
71
5862
8835
3831
3702
4321
9818
8649
9017
5272
6161
3448
3229
3461
5627
531
9494
1526
5834
970
8179
8734
6772
1917
4715
6226
9470
1339
2070
6413
1855
4142
9404
9904
9544
4009
3909
2048
2745
9191
3945
4676
4101
2697
7274
4283
1449
6500
2103
1294
150
1666
2887
6061
4308
5174
10
8366
6273
3363
2152
6236
5879
8594
9852
7763
5019
586
5971
5771
2001
9458
7544
2109
5435
6370
3982
9113
2545
3699
2980
2143
7841
2877
5768
8304
3311
9684
3370
9187
513
8918
3247
9696
1886
9478
8748
9362
3631
2310
2260
2313
5274
3717
9714
8060
5937
6517
3571
1002
4473
692
7218
5380
7657
9363
5986
7218
6077
103
8742
1996
7529
2295
5407
8279
8792
9788
7663
6130
6112
5156
6278
6198
4160
6958
9039
5179
4960
1467
6358
1796
5962
5129
5334
8177
5025
6350
9598
8416
6312
6706
1646
1882
4266
4888
5660
4106
1009
802
999
5806
5892
6260
7605
9145
6067
7694
1317
1326
5909
1467
3421
9303
6155
690
2040
7200
9553
7238
2830
2279
4673
3074
8674
9677
802
3851
1682
5195
5422
1964
9766
5264
4963
732
7434
6327
8504
1480
8871
1627
5249
7937
2793
1994
343
9180
3271
4160
7681
8853
9204
1880
1311
5321
1771
3629
4896
5643
4029
5785
8968
3819
6069
6845
1668
4197
79
5786
8102
7186
8894
1022
586
9610
7227
8377
540
1018
5575
2661
7122
1584
5132
9175
2430
4976
3477
9310
7421
3086
5840
5993
2070
6844
2756
4883
9875
2918
2523
7317
5507
9927
8393
5479
1430
9078
3332
8118
1282
2923
8442
2803
4695
7836
6132
8570
7910
4499
4929
7614
7326
8405
1698
4888
6019
1712
9381
2968
2842
1141
5986
9128
1856
2666
3370
4871
9060
9999
5920
9005
1467
9536
9035
6929
9237
887
9921
3860
2641
1186
9140
6172
1992
717
2068
5831
7869
2286
5127
1525
1010
2484
4880
9938
3787
2924
6409
2442
7536
428
8721
4571
2367
2727
2810
5062
1270
4288
6257
3671
1956
7925
7836
6672
4541
2536
5582
7001
8345
1886
8826
5352
5794
9236
1200
9736
3937
3090
239
6094
5744
124
8126
327
3151
4043
414
5254
3201
4197
3686
1995
4878
3404
8345
5762
869
7618
633
6614
3051
9537
474
4822
5549
1175
602
975
8146
3031
4175
4579
4112
2811
1124
4682
2139
4428
4722
9050
6147
4307
9113
7932
7182
3098
9700
4289
9901
2883
6047
6640
9331
123
5267
9446
9160
6865
6357
2653
1758
3475
2927
5264
9298
1109
7425
8666
123
7059
105
2607
8377
6268
3084
5792
3304
7664
5492
9325
8979
3380
6158
3147
5411
5025
7638
9542
1832
4101
7832
5986
216
8539
6544
8364
2164
5919
5948
3696
442
6636
2442
7770
6392
9263
6655
6980
8407
496
1361
9160
6239
8910
3081
9146
8474
9440
7200
5341
7914
6334
8311
6815
2183
9736
9709
2692
500
9794
5582
7531
7413
7104
9329
4597
823
835
8747
924
5276
8334
7445
2886
3165
7876
2620
9673
9205
9662
823
5653
3269
4571
6072
2147
5351
4716
9550
6009
5143
4628
9597
2663
3902
1691
5871
3037
3647
1781
3352
7269
4856
3626
7179
6069
3412
9232
4527
9031
6408
5643
6311
7317
4181
2513
4929
9539
6529
7200
8632
2620
6742
8429
9585
9872
1027
7199
7244
5855
1895
8639
9130
763
9000
8283
1335
3167
108
4612
2223
9514
4369
390
1571
5738
5922
9264
1467
1168
5974
231
1657
2070
3022
1556
1707
6016
3448
3642
2851
6731
2542
6097
2522
1894
5449
8430
6946
1416
265
9532
2828
8472
6253
6213
2615
2659
6018
1634
8385
8326
2312
3937
211
5785
8898
3274
2797
9932
6769
5121
6544
2892
8534
3230
5654
3701
5483
864
1271
6849
1466
1680
9298
7732
8248
2134
5632
6405
5817
271
5576
3037
7839
9190
3408
4311
6144
2742
7296
3475
912
3804
1293
2734
6110
4753
3849
8918
7836
6525
1905
733
7920
7539
2199
4914
823
5135
9839
38
6259
9325
9700
5440
4446
3820
6835
7107
4722
3642
4984
8742
2653
8335
416
9332
2504
1603
9624
4922
7834
7385
2442
3945
7324
21
7518
8638
273
3883
5210
6253
7494
1489
1043
384
5023
9041
9565
4837
7346
3882
2756
8223
5858
975
3164
9803
5497
1442
128
9152
8154
6248
660
8270
6331
7500
3327
3042
602
646
573
3685
7359
6370
4466
9515
9314
2452
9106
9655
1655
5661
5030
5816
5321
1172
5338
9303
4145
514
8192
3530
4874
2069
153
7299
8429
601
3722
4826
63
9555
2993
1939
9378
6716
2689
2382
2477
5690
4198
5531
1760
8177
52
199
3883
6845
1721
7957
2035
3667
5612
9658
9957
9316
37
7228
2544
339
4782
9456
2452
9092
6798
5823
3098
972
7373
9360
6130
9533
6546
8254
1363
9417
2232
2357
1089
5547
7715
856
3940
830
3744
3099
9965
9555
1338
8375
6419
7025
5184
7909
5960
9078
8291
1964
5785
8251
5948
1185
8107
5203
8666
8561
6670
7637
4283
1043
6049
7825
9374
8322
1830
4436
9651
6490
42
9623
5294
6063
7072
3818
9756
1493
7305
213
3195
3352
7532
5272
7671
8934
4837
1211
4380
6584
3801
4466
9114
4220
428
6801
6626
1660
6740
9080
9507
5175
602
1666
4065
1891
4250
4960
9065
1511
2668
652
4475
8019
8606
5762
229
5427
8438
4000
1994
354
6935
3771
1675
6158
7836
6423
4083
6530
5463
7348
1029
274
2112
6898
2138
7861
4117
9251
1196
5821
114
2842
7444
9647
8359
9345
8327
8399
7690
3552
394
9488
6406
8898
716
210
9605
6405
666
7003
6885
9675
4044
7145
7464
7829
9591
6119
4944
4828
5082
5763
431
2679
3735
374
245
7385
30
3358
4453
9066
3897
9360
3792
2911
5534
4531
6508
6022
8635
8247
1023
259
5429
3426
9665
8178
2506
9657
9599
239
1995
6562
3922
9466
9466
3118
6885
100
4385
1198
3008
6853
4285
7926
2274
1393
6541
9105
2553
6885
6792
7550
3808
9684
507
3611
5275
5883
7288
3561
8564
8067
6652
122
6730
8976
7890
5027
128
4201
4337
3132
3975
6253
7978
4544
9901
8872
4441
5589
5649
8854
2421
5960
8106
3539
3810
8237
1791
3882
2876
8968
1109
104
850
3552
2877
4955
6191
72
6601
1685
8666
4802
4371
6132
7131
8462
8001
6377
8421
7281
8710
5931
1226
1007
1373
7580
3319
3230
9942
1306
8757
6182
5175
9628
1398
1432
3080
6300
1700
5727
9143
6560
9143
1007
8373
1873
4878
1131
6353
9301
8429
79
9945
152
9796
2218
6801
3045
5995
6331
1289
9117
3570
9684
2399
9534
474
8033
7695
1773
3380
4963
2164
349
3085
8404
1576
7521
2952
1233
5021
1241
64
3804
4160
9974
788
4326
2229
9682
9301
9040
2542
3332
9455
5652
617
4341
9314
6778
2138
3335
5310
6333
4251
1972
6518
7504
7367
8183
1502
7162
6454
4111
6935
8237
9745
2545
9672
6529
6125
3488
6625
1021
8844
9109
7620
2207
7371
926
1561
4205
6419
9757
2011
354
9088
4130
3166
8496
5897
37
9227
5237
6901
271
322
9678
4901
6239
9829
520
8162
6801
1733
4228
2202
2987
3820
850
4690
4158
3021
2394
5234
3274
4397
6382
9064
8489
1307
2049
9740
8913
8557
8784
2313
319
576
8048
2353
2409
9251
9660
8840
7390
3945
8391
7817
5006
7995
3894
2441
2826
2365
2633
299
749
8776
7309
5162
186
135
9882
3850
6396
513
4251
5011
5602
5559
227
494
4124
2970
9756
6468
2097
5968
7948
223
7754
6985
5145
1936
7107
5836
9333
1574
8345
2109
7494
6819
8432
8463
8104
6784
1361
6465
9800
1040
8905
3903
6401
3741
7284
5950
6361
6502
6236
1881
544
6404
7580
5230
1131
4941
1233
435
5267
3666
6754
6429
7037
9254
5840
8001
5867
1142
999
9844
8601
9256
513
2961
2114
9534
3271
9832
2852
383
8357
6741
1023
3092
3823
1028
4987
9483
289
5642
1390
7094
5540
2848
5011
5834
3700
1995
8433
3511
9906
7550
7346
891
9568
4570
8554
6788
6621
6713
7841
6132
73
475
8438
8432
3274
503
2463
8108
5609
1032
5653
1332
8746
505
7027
4750
892
2202
8096
4400
359
7028
2341
8194
236
8421
7744
8807
6861
7132
5380
3624
4304
5719
9740
4677
945
1409
3848
6990
1271
5918
9736
9079
423
7359
7410
8110
4859
4682
2842
2957
5504
2836
3835
3905
4629
9749
5081
6779
565
1882
1960
8024
8146
7820
1955
2666
9333
8921
1439
2337
5419
9744
3204
1969
1731
9971
2362
7412
4774
9974
2308
4891
6124
2571
4571
3691
3357
2448
7015
98
9641
4275
9921
1437
3731
5517
8910
9732
1215
3110
1950
1141
6619
6661
414
496
4383
5387
4464
7126
1463
5918
8438
6805
2474
231
3040
2284
1759
3438
1502
2494
9446
6259
1032
2322
4730
3832
9034
3898
7000
9837
3090
2758
1687
970
6045
6465
73
7675
8149
6686
2535
8149
3438
9461
2818
1486
4575
6355
5427
7532
6814
850
5986
9897
6309
816
2251
2806
1627
3654
7814
9701
3237
5486
9981
7258
7332
3753
6305
8943
3812
8022
2659
4844
4473
2257
8426
980
1909
2091
5215
3400
7047
7602
857
2151
2992
4445
2666
2114
7958
7412
2542
6237
5471
3309
456
1140
1668
6217
2238
9933
6385
3714
4815
4674
4034
4688
3334
3503
2496
546
752
1738
8201
3400
108
3578
6160
8468
5103
3327
8090
3934
5603
5230
641
5796
6866
4306
6665
8863
6611
6008
9470
8612
822
5608
5926
9009
9674
1555
1677
4530
8710
9251
7435
5524
4283
7315
2695
9080
6147
4431
5607
9018
585
8162
4055
8424
3433
4557
4089
6716
2845
4700
1187
1004
7298
4657
8248
2521
8001
4288
8184
5503
6378
7025
6704
7391
6056
907
3480
7258
4957
1366
5709
8572
8367
7957
6319
729
6285
1454
5785
6653
3118
2414
9485
7502
6689
2023
3722
1083
1346
6325
5700
5572
8083
3425
8722
2160
2487
7298
342
1202
572
5060
6551
7942
9113
4917
1150
268
2078
9654
9406
9428
5879
9180
2923
8125
8205
9938
9964
2842
3530
4612
7657
9672
6935
983
9624
210
3485
1525
7234
8593
609
7061
7916
1646
4870
2474
8880
3736
1962
5610
7040
7480
3908
6865
2937
4670
5617
7996
2159
4623
8825
5649
5272
9591
6777
2279
6912
3141
6991
1345
385
5276
4332
6016
9904
1338
9869
8160
8073
1155
1270
609
7682
3448
8003
1189
2526
239
3731
1771
5661
2683
3070
2533
7044
1351
1791
3537
4794
9491
8236
4175
9546
2277
513
7534
6154
1588
5555
1018
7509
2962
3945
5532
2127
751
4522
8844
8720
2742
1468
2791
8557
833
8311
2652
8035
8686
8809
8893
6149
4137
1695
6117
9077
732
6074
6760
9700
2477
1820
8815
2053
5883
5833
2922
3844
5394
9100
3854
8972
5444
7784
790
1425
9450
656
7631
4726
1251
3145
1251
1087
4005
118
64
2235
5898
7165
1844
4250
1214
5849
882
823
7311
3550
8151
3660
2488
941
4328
1774
1075
115
3955
6908
4674
7445
5056
4653
2606
9388
6803
4692
6501
9586
2745
574
6886
8166
6260
7163
1486
1882
8322
2689
7942
5665
9041
2933
8366
7887
9092
8812
5540
6846
8264
7059
6865
9196
9821
778
1004
929
830
2446
7489
7730
5019
8006
829
2986
7681
822
2286
1486
3438
5671
9863
5187
8274
4430
3624
5401
6129
8863
2019
8004
8861
9624
2975
7392
8142
7622
8390
4704
7704
8341
4690
8357
2639
1346
3488
5074
9972
2906
1767
2601
6492
8211
8535
7371
5941
1214
6475
4117
9444
7162
5918
790
3251
3110
8224
9201
891
4301
1178
685
1738
7002
4636
1634
3876
1067
1017
3433
4162
5675
9024
951
361
8389
1516
7620
8598
2639
6965
5875
3761
9152
5486
8264
9943
1447
6309
8073
2786
3421
5705
880
1439
3700
2050
9539
9998
2350
420
4988
7246
5874
6888
2889
601
4005
1101
1754
8970
9243
6596
1440
3828
182
6216
5332
7025
7880
6845
2947
9886
7538
2921
3204
5173
6614
6979
5695
8104
1009
104
8691
8256
5750
7979
3534
3388
6469
4726
8826
1960
3363
3488
6689
9603
850
2197
3908
6900
7759
4479
6030
5621
8800
5993
4004
2683
3922
9642
6064
2251
2755
6624
1786
4868
2254
1259
9143
876
2341
8979
1491
251
3634
4504
4311
856
3898
6367
2639
7532
5139
4973
1280
1222
5183
8263
2121
2412
8742
5061
7281
6673
1016
916
3520
2115
8152
4983
4617
4667
8362
6411
825
1338
4547
1735
3211
6957
3251
5724
9314
7406
3829
7943
857
8541
9168
1507
7784
1135
7976
2496
413
486
7544
1282
6001
8154
8822
3383
9544
5944
6846
2788
99
8104
8121
4963
1049
5497
4401
5145
8110
7390
8089
8774
6492
5430
2806
6144
1654
5975
8139
46
7637
6834
414
5030
3086
2494
2239
9861
7887
3501
70
8424
3329
4144
1332
9609
8891
5443
1362
2100
1172
9027
8099
4928
7582
9348
9684
5022
9398
803
882
9792
5371
2700
3646
8633
9077
1970
7165
9628
6608
5328
6960
3552
3759
1040
6467
7765
4081
7244
4216
5565
8703
4295
4810
8570
8421
9488
9298
3973
1226
5731
2096
6544
9309
5614
3938
7968
4053
9732
9801
4709
9291
5316
67
4690
8178
9756
8409
9355
7183
8114
2159
5341
2178
2973
2953
8782
8406
6093
3631
7031
1572
9161
4280
7031
2029
7702
8826
9422
2806
1888
9867
7519
7002
4920
8662
6370
5350
4972
9138
3743
8554
3300
2225
428
8152
9030
645
1126
3090
4254
128
118
7949
5045
1101
5279
128
206
7890
5061
6659
2989
7346
6056
318
3549
3937
8941
9822
1680
5217
4689
5975
1917
6740
6334
3660
8473
1090
3006
5164
7706
7940
9797
5895
2512
2528
7428
3815
7638
8357
8601
9444
4826
7622
6625
8526
9310
7401
4873
9904
3839
161
2412
7770
5917
2443
395
7575
4892
6601
7932
775
5939
1642
9865
9566
6514
1903
3820
3057
4266
6415
3052
2092
7015
4563
2158
2569
882
6791
5371
339
5483
1904
4109
1376
4259
8446
4308
1036
6366
9688
2689
931
586
8083
5563
2583
1982
8719
3641
3983
414
834
4081
8256
7876
95
2824
5191
1796
4686
1270
3487
4535
7688
7686
6131
7835
5746
6263
9324
2319
9468
8810
2992
7571
9086
1725
6888
3240
6621
3025
2210
8444
4044
1517
6419
9293
8291
4123
7425
1225
9674
1961
9138
2923
1654
5419
5156
9110
6992
530
9437
2399
999
2031
6746
4440
493
6953
5859
4204
6198
7047
8582
39
1378
3301
1998
5348
5066
7231
288
5670
8784
9845
975
6856
296
8146
7533
1602
7631
7535
8747
20
5723
3746
7464
2998
9850
3467
5744
9488
1111
9994
2238
8335
1238
9645
8804
6861
2938
456
2788
5496
4112
2482
3748
6359
9858
1056
3424
2720
3442
7829
8267
1345
6193
8075
878
2564
5479
1973
4264
7964
1759
9646
6925
7437
6144
6819
1040
2349
414
5862
3782
1553
3926
5061
5081
8053
9113
4746
3115
3563
6514
8797
6740
994
3329
3934
6955
8438
9646
1270
7908
5411
1421
9441
4336
7167
9801
8702
9533
7571
8885
5301
7658
1738
3996
271
5674
5921
6858
1736
5918
5524
5383
5127
1339
545
6562
8150
8388
9657
8735
2125
9427
9513
4747
5088
195
7383
3844
3441
7964
9374
3151
5233
3666
8593
6776
711
1835
1905
7892
1892
3835
8629
176
6849
594
8806
2785
3461
5350
6274
5683
6419
4009
9331
6935
5892
8656
5487
3860
1909
8374
4375
56
8330
7428
2324
79
1778
6925
7279
5636
3464
6689
1193
9100
2754
5330
4910
887
8126
5761
5299
9092
9211
652
5879
6413
3829
4251
5419
642
5582
7147
1346
3734
1185
5713
277
4319
5869
736
3715
6057
9466
2517
664
5503
1098
8748
6989
2105
7665
8564
9646
781
67
8843
6552
3192
6087
6159
2202
1310
7542
9195
121
2661
5442
420
1536
1968
8304
6860
6553
3810
8150
8177
3294
8096
8106
3961
1591
7100
3785
7839
2412
6495
185
4717
4220
955
7949
7538
1549
672
1754
574
4217
2519
9862
6307
2688
6208
1995
6425
4544
6213
9537
4527
202
2430
1391
1751
9990
1944
3876
4780
1658
6366
9847
3982
7496
2035
2971
3643
2847
811
5486
5298
8252
710
4162
5507
909
8884
3829
2114
7951
6640
8182
5502
3692
8409
6424
2274
5014
9376
3424
7713
1282
137
11
3828
3192
1691
182
5030
9707
128
8784
2271
835
8087
3946
8050
4117
7105
2563
9451
7073
2128
1904
403
63
8506
531
451
6176
1187
411
3926
3945
6263
1965
111
7628
7769
8374
6865
2700
5323
1504
6077
2452
2430
4307
6611
8053
1892
9412
3759
9158
8001
9147
7027
9650
4884
9795
3946
879
6883
7132
7590
1330
8763
9952
6515
9090
1052
2796
9190
7456
4236
4357
7625
9610
9184
4676
7712
5411
238
6009
2542
8507
4095
3534
6700
1464
2219
6001
1426
4281
5847
3937
6277
766
2744
8170
2031
2987
3319
2569
4454
6013
3943
908
5949
6659
3964
9239
7015
8639
2336
9720
9271
1555
5316
7167
9062
3167
5839
8429
8152
4532
6995
3093
299
3159
2378
9244
4805
6273
9510
8903
5437
9616
9052
5307
8294
4147
2135
7140
162
8981
766
3702
6611
9826
6799
2549
5379
1625
5307
8369
6625
482
4397
2731
5822
8607
2769
8207
22
477
5308
2898
9957
2444
6685
8674
2064
939
2460
1754
6425
4264
3424
1774
8650
8856
4885
6419
8334
2271
4407
7968
2200
1991
9826
2225
6763
8973
144
1677
7309
749
1668
9000
7859
4549
6997
8330
9462
8168
1836
7777
9325
5341
6913
2866
3596
9757
8748
8139
8126
3475
9651
9599
9696
8444
8373
7364
4499
583
4660
1162
5995
5839
6868
7995
7647
1355
4860
3088
5934
7650
5219
9062
5575
491
6552
6301
6334
8654
675
1690
5337
7948
5060
7301
8767
8818
4822
2641
9532
6815
9204
9455
5477
2596
5770
6303
9994
2556
5641
5971
1555
2697
2285
7957
1361
8168
4668
2452
5968
5448
385
4805
2558
3609
5415
3559
6741
1225
6413
4256
2177
5576
7538
3347
6929
5002
5035
1556
3092
9083
1636
1467
1526
908
7182
7976
3691
496
9113
9588
2503
1337
6467
4133
3426
9537
6723
5165
1218
7204
9059
8125
3457
1202
8123
2911
6036
3086
6081
736
2435
1339
3083
4018
1640
5617
3269
6324
7448
6584
8793
5135
3641
491
1070
3017
2044
1421
3996
2998
2004
8625
3235
6413
4804
8432
2842
8915
5985
6257
2998
6908
5213
7394
9933
9660
2388
2337
5660
9331
9067
2571
5063
7326
4785
3972
9612
3699
3550
2517
8594
3837
1173
64
8632
1425
8835
8763
2971
7905
1476
8835
6159
1533
5384
1944
3200
2992
3146
3455
8918
7887
3165
6798
2556
1349
2121
7866
3192
9766
9316
1242
7127
2841
2446
6158
9140
5767
8295
8537
2013
9510
6385
8106
2512
5191
1666
7690
6768
3563
251
5169
9698
3313
4703
9040
8504
6351
7936
1886
9826
2531
3277
4797
7410
2455
3838
6769
7141
4594
2547
8120
3392
184
6720
2588
8126
924
8264
7995
3202
7066
9613
5547
188
8001
2758
4549
9454
324
2444
8823
5565
4097
8556
6028
7722
2083
9680
3559
9204
9792
7679
8441
2041
403
2642
7800
9385
7946
6559
1878
7859
2923
517
529
609
4955
1282
6453
6584
9327
752
3820
8066
4574
8467
7551
327
4124
957
6990
458
1717
3883
4722
5513
7544
4475
8819
6596
7664
9191
3356
1740
5481
1889
6376
6712
4245
3917
6744
8589
5174
2441
2440
3746
2481
9074
2385
9025
6276
3781
1937
5829
6533
1418
7995
1509
943
8062
5926
5916
6081
1197
2455
9252
9642
6680
8142
8561
6651
7023
8480
2091
1427
929
3251
2567
8898
513
8416
8075
1195
1555
9583
790
9858
1233
4907
948
2754
798
6310
9557
269
3371
1010
7141
7361
9826
446
9088
8060
2992
6849
7094
68
5794
7218
4723
8505
2791
4726
7675
1422
1665
7614
1309
65
604
5796
2986
1198
4878
1902
8262
7299
9798
43
1966
4529
6737
983
9404
8612
6151
1454
7035
4855
2541
446
8554
8663
6989
4005
4166
7094
9791
9833
5517
565
6438
1193
2148
5762
4778
3033
8620
8473
5917
2092
8480
9988
797
5240
8884
8884
3346
4504
5019
4828
421
586
3491
9309
2484
4250
5407
5649
1439
957
6803
6307
4180
7007
8422
6930
4925
8885
3020
8373
934
9647
2750
8022
7037
602
7867
5875
7456
8999
8390
1010
8203
5636
1903
374
5610
186
5740
2444
37
2627
5892
2901
9757
5466
1853
3249
5516
4657
3180
1427
9125
3692
6886
1452
4282
1640
4020
8449
9602
957
6804
9042
806
7330
4196
6333
3700
8053
6803
6297
5483
117
1746
1477
8825
9657
154
4095
1960
7338
4603
8319
1110
9792
1227
5875
6268
7122
5768
4177
2064
5700
2184
8110
5530
4451
2925
4966
5937
9441
816
7183
9440
2085
4271
8035
9538
485
1203
910
3164
4866
4873
4708
4124
9015
1872
6339
130
8542
7681
9994
5008
9683
8334
822
48
3010
2951
816
9031
8941
2447
5767
5014
9796
4516
9291
5675
1906
6490
2436
7040
8127
2523
8386
1748
8700
6534
9815
8190
4216
4750
8879
2110
104
9875
1457
3996
3631
7994
1776
9531
8807
6895
9845
9013
6813
8400
7114
2549
7195
385
1960
3657
9927
9188
6546
4938
2755
980
9830
6783
8879
9190
5401
1233
7644
3591
6316
7590
1452
5020
6560
4411
1804
1690
9175
1391
1881
8176
7284
1463
8053
3823
7836
9918
8739
9227
318
4764
9796
2576
1904
3277
5923
6769
3380
1384
6257
1839
5695
1902
5829
9821
6085
1484
9130
9801
5732
5629
7414
2447
9819
4225
2457
73
6478
1991
1287
6495
2019
716
8096
2889
2522
9586
6504
9538
7142
3848
8832
838
7251
1493
4871
4726
496
9766
904
1042
8783
3158
3714
8325
348
8446
5213
9428
8707
6998
1976
9308
6862
5376
1430
4547
6535
1905
3338
3922
2806
5449
1338
1960
7833
2896
7535
9546
6216
3158
5474
369
2491
6158
4984
2683
3940
4387
1002
5957
1710
1011
1973
3812
9927
3688
5636
7722
8539
7102
4860
8110
2008
8950
886
7730
7871
5015
3889
6459
724
3922
5694
486
6827
7624
8480
6325
1160
4636
8943
5636
3520
7274
5249
4207
2662
7485
4296
7105
1835
1040
1042
1687
3592
7265
7251
1270
7877
4830
8009
4603
2828
9345
2687
8755
3330
3792
916
2106
7638
1900
9290
1338
4714
1995
4547
8710
7871
7951
6844
4496
5740
6085
131
9714
1360
2176
1390
5577
375
7200
8044
3983
6500
5983
5939
7822
5416
3926
8182
8536
199
3953
7239
8274
6039
3926
5607
126
2271
3464
4572
7320
1014
8311
3313
9173
6783
7462
8223
3791
5724
9665
3642
4262
8539
7946
4140
1535
3110
9077
6210
2019
7760
1337
5610
3436
3908
4781
5416
5229
4763
8590
8201
8033
3032
6584
2685
17
2482
2788
8066
5025
8823
3132
8684
9364
980
4106
4478
233
1559
2501
8797
7836
9958
2189
8593
5077
7854
3987
67
2062
6611
8584
9819
9276
3557
4500
4023
3609
6562
5352
8226
7900
3787
1637
3884
5672
7588
202
5108
9404
430
5008
811
3869
3448
8245
5308
6722
4625
1744
1362
4616
109
1738
6358
9333
2382
1373
681
535
2463
6508
4440
6529
7855
7590
442
7735
7456
7793
6947
9360
3631
9396
6592
9050
420
3370
1778
8776
9143
4128
3839
4792
8470
2841
3831
8911
4531
9524
5766
6268
2349
4178
9517
4908
6791
2083
1391
742
5061
8968
6236
2066
9811
1885
319
2542
3939
6921
6007
5061
8829
552
1968
3192
9554
1451
1306
9053
8090
2786
3454
456
4451
6665
4388
9295
2420
5416
7077
6047
8564
6329
9554
8489
7614
2426
8151
4762
7147
7184
7
8102
6858
869
2282
3953
2202
7933
8633
5608
6044
3570
8889
4140
9327
8773
7051
1214
5171
8680
5008
2762
1848
3810
6799
247
9374
2588
4170
128
6956
9994
4055
260
8140
5479
2897
4147
7383
268
6044
2992
6492
3758
2096
6354
9106
3120
1557
966
356
7224
6502
9988
9511
2921
2924
1725
2828
2310
9800
3388
3475
2430
1014
1203
3141
5411
6760
2887
5910
5176
1405
2325
615
7375
9537
9145
8784
4987
8446
5378
8316
1711
2517
7875
5563
1041
2835
3041
1337
2349
3432
8537
3356
6677
2916
4507
910
6210
9757
7839
8784
1160
7329
5503
3030
1733
2412
6268
1631
2745
6201
9542
9974
9284
4705
3008
4674
105
1983
9324
9113
6493
9331
21
8679
9001
5695
9763
1985
8580
6878
322
7236
4521
9128
1210
864
9023
3837
3192
38
5975
4794
2825
9374
3338
7410
4341
8096
1525
797
8178
202
9925
5203
531
9613
68
4973
9023
7875
3010
6229
2866
4823
6636
5682
1126
4664
1634
7679
9344
3179
3631
5027
2557
4884
5234
4254
3791
9509
4465
1609
8474
9565
9742
5943
7313
3359
4922
1094
3329
9290
7816
6171
3870
9646
3480
9211
6673
7341
2223
1782
2717
1849
414
8071
7699
2325
8017
7779
3017
9455
9125
494
3691
9067
500
8702
1926
3042
2316
4440
9701
1448
4189
7877
4319
422
9378
4600
7224
1781
4762
3344
6737
5768
6120
2843
8446
9225
3870
1467
7851
6980
3094
9660
6772
6353
4932
3139
5727
8334
5330
6154
7722
8590
1126
25
3581
7155
6570
702
5139
72
1905
8031
9994
5880
9129
4109
1418
4565
4448
6369
3922
2242
7330
3439
9623
8757
6248
2647
8722
6885
9736
9152
5829
4338
4742
3446
1960
7445
6246
106
6559
5968
2513
1241
5847
3914
1013
619
9207
8536
2452
2009
9271
5651
6305
3786
6465
8053
1307
2647
9310
2769
3132
8458
7375
115
6601
6597
6686
7422
7509
6361
2790
8033
8109
7064
2889
9345
590
5977
7157
7776
2882
3023
5054
854
8104
7499
8456
3974
313
6456
6775
2119
5081
9863
8633
9325
3724
4612
9840
3504
991
4664
8879
3020
6129
4507
4747
8192
2477
1860
32
4554
4700
4496
2830
1968
2763
3564
3523
8224
4859
6781
8720
9820
4192
2013
2731
9195
9789
9838
3169
6330
4706
2198
5837
3196
7112
7162
9904
9370
5622
6064
6419
84
3479
8062
1968
9832
8104
7354
6100
9290
6465
6586
9533
2518
953
3038
6651
5244
8978
8987
5295
5317
5771
6490
2518
7428
7683
3470
1992
6365
613
8028
6814
9947
4846
3496
6634
8246
5286
5145
9503
5312
1660
914
4018
8274
50
2787
1396
9145
3876
2417
7256
187
8652
3483
1762
1126
9683
6370
1295
8162
5971
8089
2541
4496
481
79
4196
7949
5918
8139
5030
3581
7412
8320
6310
8356
6128
8934
3195
4190
517
8090
1430
1233
1555
9957
9433
1881
4124
825
7204
5530
2410
33
1776
3927
1168
6801
5607
4815
299
5642
3157
7105
8450
3808
5806
3090
1525
7822
1077
8938
8833
5567
3747
3680
8022
6761
9675
8881
3132
1744
7622
9824
4224
137
5922
2309
6819
9076
2549
9554
5884
5765
4166
2896
6671
5799
1336
6992
6566
6516
8157
2303
6541
789
339
9503
3325
9939
142
9136
247
7746
5043
3064
1804
6051
1803
6397
7995
9584
3642
8800
1408
5074
4616
891
4228
1226
5607
3955
8866
4337
1423
9256
7301
619
1667
8242
5905
4828
6419
3103
3722
8561
2804
273
5626
1082
5338
1758
4604
3606
5229
6129
9503
3476
1537
6176
2388
7147
29
5587
2786
4734
3336
3171
5849
9376
3810
3810
6574
2828
8409
2232
910
3643
8232
8885
3680
6338
1482
2134
962
3808
872
8514
8341
4475
9734
9117
6067
1718
7258
738
9106
8603
4198
8283
6850
3631
2026
7594
3611
2226
7200
7979
2170
3539
7370
7925
1168
1088
9563
5806
1388
9932
3300
970
2327
3802
1546
3479
7348
1425
9031
8147
5952
3464
1684
5379
369
3358
1271
3654
6783
3905
4821
5457
5607
742
8442
9647
1338
5497
2008
8272
7329
2695
9712
4545
2993
496
951
8291
6180
1671
6106
7908
6395
1836
2003
400
4275
314
4194
8063
308
8519
6850
5497
2042
5360
6257
3173
2478
1155
2906
5939
1243
9977
2519
6999
4778
6120
4937
3999
2995
2442
9009
2008
6821
1903
1931
6111
9640
1059
8146
121
6239
2463
7506
5312
2825
1159
9919
8744
5489
790
8915
5541
6182
5448
252
3387
7637
7369
8294
7920
2443
1185
1384
7749
5360
9146
3195
9891
1313
5307
2035
770
5066
8741
3269
5728
8214
3686
5330
1778
785
4688
7114
8087
2035
5392
9677
2533
5728
9642
2851
2008
1911
7317
4000
6069
6500
9846
3340
4307
9892
3909
5577
620
3325
9345
3556
6533
8958
1625
1293
3081
4585
2549
5064
1193
5752
494
5481
8505
6119
4269
5709
7827
1833
2345
395
1966
5110
2113
8847
3051
771
7527
4319
1675
5371
2146
2091
4004
6847
8248
1267
2374
5497
9329
3272
574
9161
7611
7467
8697
7769
851
5103
3241
4516
9389
8429
5568
3022
8981
8722
8600
7332
7664
4014
5312
313
9585
3808
7412
2828
4224
8473
8193
2547
6093
45
3393
7740
494
1509
8612
5341
8657
2233
5799
2950
3731
5427
4284
2078
5792
2147
4774
5391
7686
945
2901
9140
2158
8112
4327
8220
2818
4311
8601
3967
1018
9623
3040
8489
1065
1502
7933
8784
2932
8925
5530
9811
2563
8776
7881
1243
643
9743
4984
1041
4822
13
4501
4338
4252
1910
8650
6331
8393
2668
5045
2417
240
8784
1225
9152
1655
9415
1680
690
4231
3025
6121
3479
1828
798
3660
3828
2113
7344
1749
3930
5874
7852
910
3511
4194
2647
9100
4977
1089
6339
7912
6530
3372
5440
3922
4986
8901
1268
738
3869
7531
5415
5236
9147
3902
6709
6622
7204
7694
3973
1482
9122
5020
1160
8182
6473
1346
8281
8386
6845
7167
8603
7732
390
3619
3287
1720
742
5592
5071
3976
7845
5016
505
2817
9909
2200
9700
8045
2047
4282
2668
1044
2375
8103
6329
2552
5231
3884
3400
5192
496
2797
527
924
5949
4003
3894
9826
8765
8554
6032
4725
655
655
8389
4738
583
1674
9789
6822
3908
2462
